<?xml version="1.0"?>
<opencv_storage>
<obj>
  <_><id>1</id>
    <height>8.0968499183654785e-02</height>
    <contour2d>
      4.29451108e-01 -4.05050039e-01 4.28225636e-01 -3.91788781e-01
      4.25010949e-01 -3.82953167e-01 4.16782975e-01 -3.73485655e-01
      4.13382649e-01 -3.71027112e-01 4.08476233e-01 -3.68668437e-01
      4.06466156e-01 -3.68014991e-01 4.02918845e-01 -3.67087394e-01
      3.99520278e-01 -3.66604388e-01 3.96539629e-01 -3.66456479e-01
      3.91418755e-01 -3.66847366e-01 3.86720806e-01 -3.67899835e-01
      3.81525844e-01 -3.69864315e-01 3.77782136e-01 -3.72037500e-01
      3.75212431e-01 -3.73882681e-01 3.72904241e-01 -3.75974923e-01
      3.69945824e-01 -3.79169226e-01 3.66771311e-01 -3.83880973e-01
      3.65244061e-01 -3.87041152e-01 3.64341587e-01 -3.89360428e-01
      3.63214135e-01 -3.93210620e-01 3.62558663e-01 -3.97571504e-01
      3.62460554e-01 -4.02789593e-01 3.63888413e-01 -4.09910321e-01
      3.65056992e-01 -4.13197756e-01 3.69674951e-01 -4.21127856e-01
      3.74762803e-01 -4.26145196e-01 3.77384663e-01 -4.27812576e-01
      3.82407129e-01 -4.30663735e-01 3.86283666e-01 -4.32032377e-01
      3.91190290e-01 -4.32855606e-01 4.00029242e-01 -4.33162004e-01
      4.05021310e-01 -4.32145804e-01 4.15810645e-01 -4.27442491e-01
      4.21511829e-01 -4.21873003e-01 4.26187098e-01 -4.15093303e-01
      4.27170634e-01 -4.12716269e-01</contour2d>
    <histogram type_id="opencv-matrix">
      <rows>20</rows>
      <cols>1</cols>
      <dt>f</dt>
      <data>
        2.18400329e-01 7.04517169e-03 2.11355146e-02 0. 0. 0. 0. 0. 0.
        0. 0. 0. 0. 0. 0. 0. 0. 4.66224611e-01 2.85951078e-01
        1.24326558e-03</data></histogram></_>
  <_><id>2</id>
    <height>8.0952167510986328e-02</height>
    <contour2d>
      4.16475981e-01 -4.17476833e-01 4.16502595e-01 -4.15702730e-01
      4.15730715e-01 -4.07851756e-01 4.15337145e-01 -4.05724049e-01
      4.13136870e-01 -3.99605215e-01 4.10083711e-01 -3.94204199e-01
      4.06748265e-01 -3.89997125e-01 4.02096152e-01 -3.86359364e-01
      3.97259533e-01 -3.83642942e-01 3.92980486e-01 -3.82024705e-01
      3.89648795e-01 -3.81239891e-01 3.86330605e-01 -3.80756617e-01
      3.80812377e-01 -3.80775154e-01 3.77114058e-01 -3.81322473e-01
      3.72612625e-01 -3.82532775e-01 3.69437099e-01 -3.83825630e-01
      3.65740418e-01 -3.85799706e-01 3.62983286e-01 -3.87747496e-01
      3.60523373e-01 -3.89736295e-01 3.56820345e-01 -3.93715352e-01
      3.53797436e-01 -3.98439974e-01 3.51790547e-01 -4.02965635e-01
      3.50963861e-01 -4.05435562e-01 3.49831760e-01 -4.11198229e-01
      3.49682748e-01 -4.14671719e-01 3.49847049e-01 -4.18525070e-01
      3.50746542e-01 -4.23444360e-01 3.52114439e-01 -4.27083164e-01
      3.56171548e-01 -4.33006078e-01 3.60683620e-01 -4.38949287e-01
      3.66282105e-01 -4.42820072e-01 3.78041506e-01 -4.47294921e-01
      3.83937657e-01 -4.47578758e-01 3.91728729e-01 -4.46550190e-01
      4.00568366e-01 -4.43047166e-01 4.01600391e-01 -4.42498535e-01
      4.09341335e-01 -4.35708642e-01 4.13058579e-01 -4.29417729e-01
      4.15029407e-01 -4.24578518e-01 4.15735066e-01 -4.21906173e-01</contour2d>
    <histogram type_id="opencv-matrix">
      <rows>20</rows>
      <cols>1</cols>
      <dt>f</dt>
      <data>
        2.25873530e-01 3.74376029e-03 1.95507482e-02 4.15973365e-04 0.
        0. 0. 0. 0. 0. 0. 0. 0. 0. 0. 0. 0. 4.61730421e-01
        2.88685501e-01 0.</data></histogram></_>
  <_><id>3</id>
    <height>8.1023335456848145e-02</height>
    <contour2d>
      4.05026257e-01 -4.41189706e-01 4.04507607e-01 -4.31363225e-01
      4.00937766e-01 -4.21501756e-01 3.95813018e-01 -4.14583802e-01
      3.90292346e-01 -4.09827799e-01 3.87536645e-01 -4.08093035e-01
      3.83138657e-01 -4.06239986e-01 3.79474610e-01 -4.05098617e-01
      3.76349330e-01 -4.04488385e-01 3.73240978e-01 -4.04139072e-01
      3.67891669e-01 -4.04298037e-01 3.63065541e-01 -4.05213416e-01
      3.60748470e-01 -4.05876189e-01 3.57740521e-01 -4.07140076e-01
      3.54770333e-01 -4.08662915e-01 3.51135254e-01 -4.11046714e-01
      3.49507600e-01 -4.12454039e-01 3.45609963e-01 -4.16374743e-01
      3.42280984e-01 -4.21155214e-01 3.40591818e-01 -4.24374282e-01
      3.39669585e-01 -4.26833868e-01 3.38612944e-01 -4.30877388e-01
      3.38114142e-01 -4.34046149e-01 3.37827921e-01 -4.37496006e-01
      3.38057786e-01 -4.41625059e-01 3.38457763e-01 -4.44195062e-01
      3.39108765e-01 -4.46973473e-01 3.40326279e-01 -4.50746119e-01
      3.47573996e-01 -4.61169034e-01 3.51573080e-01 -4.64892626e-01
      3.56258780e-01 -4.67625648e-01 3.62168550e-01 -4.70038235e-01
      3.66876155e-01 -4.70740527e-01 3.72738510e-01 -4.71016705e-01
      3.81780148e-01 -4.69672441e-01 3.89813423e-01 -4.64916080e-01
      3.96373928e-01 -4.60215837e-01 4.01312619e-01 -4.53314900e-01
      4.03864920e-01 -4.45367724e-01</contour2d>
    <histogram type_id="opencv-matrix">
      <rows>20</rows>
      <cols>1</cols>
      <dt>f</dt>
      <data>
        2.36691594e-01 4.39947192e-03 1.58380996e-02 0. 0. 0. 0. 0. 0.
        0. 0. 0. 0. 0. 0. 0. 0. 4.57105160e-01 2.85965681e-01 0.</data></histogram></_>
  <_><id>4</id>
    <height>8.0980837345123291e-02</height>
    <contour2d>
      4.00618076e-01 -4.60009485e-01 4.00393426e-01 -4.48284358e-01
      4.00123835e-01 -4.46103662e-01 3.99123847e-01 -4.41037536e-01
      3.92980844e-01 -4.30322766e-01 3.90193433e-01 -4.27954376e-01
      3.87197524e-01 -4.25871968e-01 3.82161647e-01 -4.22800362e-01
      3.77997339e-01 -4.20884550e-01 3.74536633e-01 -4.20167506e-01
      3.69999796e-01 -4.19648021e-01 3.64448428e-01 -4.19610322e-01
      3.58402193e-01 -4.20820296e-01 3.55205148e-01 -4.21936929e-01
      3.51070523e-01 -4.23821688e-01 3.47453833e-01 -4.26301986e-01
      3.44934851e-01 -4.28398222e-01 3.42569083e-01 -4.30846810e-01
      3.41143012e-01 -4.32565242e-01 3.39089900e-01 -4.35411990e-01
      3.37311268e-01 -4.38618988e-01 3.35790992e-01 -4.42305028e-01
      3.34971160e-01 -4.44984585e-01 3.34399909e-01 -4.48008567e-01
      3.34053814e-01 -4.51460660e-01 3.33996445e-01 -4.53348368e-01
      3.34307492e-01 -4.57719475e-01 3.34770560e-01 -4.60429788e-01
      3.35650533e-01 -4.63719368e-01 3.37487340e-01 -4.68427807e-01
      3.41896415e-01 -4.74942327e-01 3.45736086e-01 -4.78551239e-01
      3.48634660e-01 -4.80762720e-01 3.54748130e-01 -4.83534902e-01
      3.62379074e-01 -4.86441433e-01 3.68197590e-01 -4.86651182e-01
      3.72142941e-01 -4.86175001e-01 3.77086997e-01 -4.85064745e-01
      3.82371724e-01 -4.82338876e-01 3.85443091e-01 -4.80572820e-01
      3.91998827e-01 -4.75718617e-01 3.95884037e-01 -4.71148312e-01</contour2d>
    <histogram type_id="opencv-matrix">
      <rows>20</rows>
      <cols>1</cols>
      <dt>f</dt>
      <data>
        2.47556999e-01 6.97999075e-03 1.11679845e-02 0. 0. 0. 0. 0. 0.
        0. 0. 0. 0. 0. 0. 0. 0. 4.47184741e-01 2.87110269e-01 0.</data></histogram></_>
  <_><id>5</id>
    <height>8.1005334854125977e-02</height>
    <contour2d>
      4.00625259e-01 -4.81393248e-01 4.00211573e-01 -4.71020848e-01
      3.99056137e-01 -4.67542738e-01 3.96893770e-01 -4.62734759e-01
      3.90213847e-01 -4.52769637e-01 3.86944175e-01 -4.50276732e-01
      3.84240508e-01 -4.48840052e-01 3.81695807e-01 -4.47792947e-01
      3.77688289e-01 -4.46489930e-01 3.74027729e-01 -4.45519775e-01
      3.70818913e-01 -4.44856346e-01 3.67822587e-01 -4.44620699e-01
      3.65074337e-01 -4.44664687e-01 3.58972818e-01 -4.45918530e-01
      3.53414834e-01 -4.47793871e-01 3.52363884e-01 -4.48271781e-01
      3.48490119e-01 -4.50588882e-01 3.46703231e-01 -4.51937735e-01
      3.42487514e-01 -4.55768406e-01 3.39632779e-01 -4.59548891e-01
      3.37137848e-01 -4.63845789e-01 3.35167766e-01 -4.68998551e-01
      3.34148288e-01 -4.73578960e-01 3.33815217e-01 -4.77190673e-01
      3.33880961e-01 -4.81397450e-01 3.34254384e-01 -4.84007180e-01
      3.34923923e-01 -4.87109274e-01 3.36418092e-01 -4.91476059e-01
      3.42795730e-01 -5.01149714e-01 3.46786916e-01 -5.05062938e-01
