<?xml version="1.0"?>
<opencv_storage>
<obj>
  <_><id>1</id>
    <height>1.5514039993286133e-01</height>
    <contour2d>
      4.28470910e-01 2.28093229e-02 4.26759988e-01 2.71695405e-02
      4.23793286e-01 2.85894722e-02 4.01537985e-01 3.52840088e-02
      3.83226663e-01 3.70379873e-02 3.53358358e-01 3.81285772e-02
      3.40909451e-01 3.62740010e-02 3.38441521e-01 2.83721685e-02
      3.38238865e-01 2.69684568e-02 3.37323308e-01 -2.04067538e-03
      3.37680161e-01 -4.76915296e-03 3.38205069e-01 -6.13543717e-03
      3.39462638e-01 -7.51766656e-03 4.12947893e-01 -9.36225336e-03
      4.25115943e-01 -9.43217333e-03 4.26256508e-01 -7.96727370e-03
      4.28449333e-01 1.25415633e-02</contour2d>
    <histogram type_id="opencv-matrix">
      <rows>20</rows>
      <cols>1</cols>
      <dt>f</dt>
      <data>
        3.97614297e-03 0. 7.27634192e-01 0. 0. 0. 0. 0. 0. 0. 0.
        1.19284287e-01 1.15308143e-01 0. 0. 0. 0. 0. 3.37972157e-02 0.</data></histogram></_>
  <_><id>2</id>
    <height>1.5535396337509155e-01</height>
    <contour2d>
      4.26762491e-01 3.15634646e-02 4.21682686e-01 3.40630636e-02
      4.09274131e-01 3.68290655e-02 3.72166187e-01 3.80913056e-02
      3.56879085e-01 3.66240777e-02 3.46773922e-01 3.47294360e-02
      3.40970904e-01 3.30654606e-02 3.39394599e-01 2.57143620e-02
      3.39331329e-01 2.43217461e-02 3.39523673e-01 1.60202011e-02
      3.40748549e-01 -6.26314711e-03 3.40985984e-01 -7.67864566e-03
      3.41403991e-01 -8.92650243e-03 3.42334300e-01 -1.03006773e-02
      3.56517166e-01 -1.04048159e-02 3.94629836e-01 -7.81273935e-03
      4.29753363e-01 -5.05872630e-03 4.29918051e-01 1.98888388e-02
      4.27995414e-01 2.86343675e-02</contour2d>
    <histogram type_id="opencv-matrix">
      <rows>20</rows>
      <cols>1</cols>
      <dt>f</dt>
      <data>
        5.12820529e-03 0. 7.02564120e-01 1.70940172e-03 0. 0. 0. 0. 0.
        0. 0. 9.91453007e-02 1.52136758e-01 1.70940172e-03 0. 0. 0. 0.
        3.58974375e-02 1.70940172e-03</data></histogram></_>
  <_><id>3</id>
    <height>1.5541428327560425e-01</height>
    <contour2d>
      4.34129238e-01 9.62993223e-03 4.30019557e-01 2.87036896e-02
      4.28250492e-01 3.45196649e-02 4.26679134e-01 3.88763398e-02
      4.25168723e-01 4.17687409e-02 4.17652279e-01 4.98206913e-02
      4.05293554e-01 4.77522090e-02 3.95650536e-01 4.56740744e-02
      3.86943012e-01 4.35380861e-02 3.68254691e-01 3.85100581e-02
      3.57270241e-01 3.50537859e-02 3.52484494e-01 3.33367176e-02
      3.44160080e-01 2.99070980e-02 3.40452373e-01 2.81773377e-02
      3.39172035e-01 2.65798103e-02 3.39290470e-01 1.87754855e-02
      3.39909524e-01 1.45854009e-02 3.47096533e-01 -1.19732572e-02
      3.48682642e-01 -1.45492824e-02 3.55107337e-01 -1.45819103e-02
      3.75466973e-01 -9.13049746e-03 4.26765770e-01 5.20134019e-03
      4.31291014e-01 6.68273633e-03</contour2d>
    <histogram type_id="opencv-matrix">
      <rows>20</rows>
      <cols>1</cols>
      <dt>f</dt>
      <data>
        3.58422939e-03 1.19474309e-03 7.27598548e-01 3.58422939e-03 0.
        0. 0. 0. 0. 0. 0. 7.04898387e-02 1.58900827e-01 0. 0. 0. 0. 0.
        3.34528051e-02 1.19474309e-03</data></histogram></_>
  <_><id>4</id>
    <height>1.5562134981155396e-01</height>
    <contour2d>
      4.34121996e-01 1.55091835e-02 4.33954865e-01 1.84396282e-02
      4.31750089e-01 2.72765532e-02 4.26677883e-01 4.03403789e-02
      4.19552475e-01 5.30856661e-02 4.13206369e-01 5.45960702e-02
      4.00425166e-01 5.09867445e-02 3.94706011e-01 4.90652174e-02
      3.79388660e-01 4.34353985e-02 3.67139310e-01 3.85479517e-02
      3.59054536e-01 3.51105928e-02 3.48774344e-01 2.99732964e-02
      3.39885265e-01 2.50490513e-02 3.38843197e-01 2.33355574e-02
      3.39706838e-01 1.45729650e-02 3.41184199e-01 1.04432786e-02
      3.50504696e-01 -1.34458235e-02 3.51267278e-01 -1.48429414e-02
      3.52192074e-01 -1.60164237e-02 3.52555543e-01 -1.61155891e-02
      3.57749373e-01 -1.59958396e-02 3.62123251e-01 -1.46463653e-02
      3.79715413e-01 -7.73339439e-03 4.29586202e-01 1.25378398e-02
      4.32641834e-01 1.40289860e-02</contour2d>
    <histogram type_id="opencv-matrix">
      <rows>20</rows>
      <cols>1</cols>
      <dt>f</dt>
      <data>
        4.26439242e-03 1.06609811e-03 7.61194050e-01 3.19829443e-03 0.
        0. 0. 0. 0. 0. 0. 5.75692989e-02 1.51385933e-01 0. 0. 0. 0. 0.
        2.13219617e-02 0.</data></histogram></_>
  <_><id>5</id>
    <height>1.5560245513916016e-01</height>
    <contour2d>
      4.34011132e-01 2.72590276e-02 4.30126131e-01 3.60560045e-02
      4.21915412e-01 5.04216030e-02 4.15280908e-01 6.14505373e-02
      4.10814553e-01 6.13907464e-02 4.02101785e-01 5.77147715e-02
      3.87150019e-01 5.03777415e-02 3.74052972e-01 4.32435721e-02
      3.59917343e-01 3.50415222e-02 3.52164745e-01 3.00540030e-02
      3.43018919e-01 2.34795399e-02 3.39203984e-01 2.01588720e-02
      3.39101106e-01 1.85446888e-02 3.40539306e-01 1.18520493e-02
      3.40991110e-01 1.04348417e-02 3.45394939e-01 2.15181243e-03
      3.55815142e-01 -1.63253900e-02 3.58176500e-01 -1.88215952e-02
      3.60793084e-01 -1.88406240e-02 3.63702893e-01 -1.74765848e-02
      4.31144863e-01 2.13559642e-02 4.34092939e-01 2.43262649e-02</contour2d>
    <histogram type_id="opencv-matrix">
      <rows>20</rows>
      <cols>1</cols>
      <dt>f</dt>
      <data>
        9.13241995e-04 1.82648399e-03 7.70776272e-01 1.82648399e-03 0.
        0. 0. 0. 0. 0. 0. 4.56621014e-02 1.60730585e-01 9.13241995e-04
        0. 0. 0. 0. 1.73515975e-02 0.</data></histogram></_>
  <_><id>6</id>
    <height>1.5568953752517700e-01</height>
    <contour2d>
      4.34089929e-01 3.31444293e-02 4.23605710e-01 4.90327962e-02
      4.10063356e-01 6.76336512e-02 4.06423777e-01 6.60897419e-02
      3.97040755e-01 6.08812943e-02 3.85937840e-01 5.37088662e-02
      3.78252804e-01 4.83853370e-02 3.69007975e-01 4.16831225e-02
      3.60223919e-01 3.50832008e-02 3.56068045e-01 3.18215750e-02
      3.52105618e-01 2.84272283e-02 3.44821721e-01 2.19061356e-02
      3.39933127e-01 1.69987492e-02 3.39474738e-01 1.53580140e-02
      3.41671377e-01 9.16804466e-03 3.42850178e-01 6.30752044e-03
      3.49806637e-01 -3.40899988e-03 3.60477388e-01 -1.78246628e-02
      3.61497909e-01 -1.88919660e-02 3.63730937e-01 -2.02865396e-02
      3.66377324e-01 -1.89027730e-02 3.70833606e-01 -1.61462445e-02
      3.90228242e-01 -2.07153475e-03 4.31295902e-01 2.87072677e-02
      4.34186578e-01 3.16839218e-02</contour2d>
    <histogram type_id="opencv-matrix">
      <rows>20</rows>
      <cols>1</cols>
      <dt>f</dt>
      <data>
        4.09165304e-03 2.45499192e-03 7.63502479e-01 2.45499192e-03 0.
        0. 0. 0. 0. 0. 0. 3.51882167e-02 1.72667757e-01 8.18330620e-04
        0. 0. 0. 0. 1.71849430e-02 1.63666124e-03</data></histogram></_>
  <_><id>7</id>
    <height>1.5566873550415039e-01</height>
    <contour2d>
      4.32550579e-01 4.04560380e-02 4.18773592e-01 5.61373122e-02
      4.04433757e-01 7.16356486e-02 4.01960403e-01 7.10446686e-02
      3.96999627e-01 6.75344989e-02 3.90255630e-01 6.22920543e-02
      3.82148862e-01 5.54333478e-02 3.70589405e-01 4.49808277e-02
      3.60193878e-01 3.50791179e-02 3.52225870e-01 2.68204436e-02
      3.46431732e-01 2.03103665e-02 3.41301948e-01 1.37773789e-02
      3.40677798e-01 1.21344682e-02 3.41329575e-01 1.02090267e-02
      3.43751878e-01 4.91627492e-03 3.46890301e-01 7.65767531e-04
      3.64406496e-01 -1.78460609e-02 3.65942866e-01 -1.93037819e-02
      3.68065566e-01 -2.03470048e-02 3.69242340e-01 -2.03463770e-02
      3.72299999e-01 -1.89865306e-02 4.06849712e-01 1.38121871e-02
      4.31067377e-01 3.74910347e-02</contour2d>
    <histogram type_id="opencv-matrix">
      <rows>20</rows>
      <cols>1</cols>
      <dt>f</dt>
      <data>
        1.51745067e-03 6.06980268e-03 7.67071307e-01 1.51745067e-03 0.
        0. 0. 0. 0. 0. 0. 3.64188179e-02 1.76783010e-01 0. 0. 0. 0.
        7.58725335e-04 7.58725312e-03 2.27617612e-03</data></histogram></_>
  <_><id>8</id>
