<?xml version="1.0"?>
<opencv_storage>
<obj>
  <_><id>1</id>
    <height>1.7631947994232178e-02</height>
    <contour2d>
      4.19369459e-01 -3.37173253e-01 4.26647007e-01 -3.27653468e-01
      4.28718805e-01 -3.14161301e-01 4.29069579e-01 -3.02506059e-01
      4.28697705e-01 -2.94866055e-01 4.27808881e-01 -2.85471708e-01
      4.26285565e-01 -2.77155876e-01 4.22625005e-01 -2.64547378e-01
      4.19670105e-01 -2.55310118e-01 4.07851577e-01 -2.31816396e-01
      3.96959722e-01 -2.14478865e-01 3.94520044e-01 -2.11446241e-01
      3.84860218e-01 -2.00376734e-01 3.71364534e-01 -1.91092700e-01
      3.67872179e-01 -1.90148726e-01 3.46496046e-01 -1.94603473e-01
      3.31542313e-01 -1.98152259e-01 4.06344771e-01 -3.23333621e-01
      4.12492335e-01 -3.33026290e-01 4.17230546e-01 -3.36959869e-01</contour2d>
    <histogram type_id="opencv-matrix">
      <rows>20</rows>
      <cols>1</cols>
      <dt>f</dt>
      <data>
        0. 0. 1. 0. 0. 0. 0. 0. 0. 0. 0. 0. 0. 0. 0. 0. 0. 0. 0. 0.</data></histogram></_>
  <_><id>2</id>
    <height>2.0402014255523682e-02</height>
    <contour2d>
      3.41595888e-01 -4.11623776e-01 3.44792187e-01 -4.09741819e-01
      3.48955750e-01 -4.01864320e-01 3.51378500e-01 -3.95903319e-01
      3.51926506e-01 -3.91358256e-01 3.52241814e-01 -3.72040242e-01
      3.51009846e-01 -3.64360362e-01 3.47320676e-01 -3.45305711e-01
      3.40142429e-01 -3.25113744e-01 3.27846944e-01 -2.99677372e-01
      3.18846464e-01 -2.86088258e-01 3.16239893e-01 -2.82423794e-01
      3.10392916e-01 -2.75930762e-01 3.01142752e-01 -2.67899483e-01
      2.95057535e-01 -2.63997316e-01 2.91663647e-01 -2.62417078e-01
      2.86588252e-01 -2.60713756e-01 2.81922638e-01 -2.59370029e-01
      2.78745651e-01 -2.59290457e-01 2.74332732e-01 -2.59490728e-01
      2.69995570e-01 -2.61080801e-01 2.64380753e-01 -2.64226586e-01
      2.62323260e-01 -2.66452372e-01 2.61064827e-01 -2.68061697e-01
      2.61593580e-01 -2.72697836e-01 2.63734221e-01 -2.77493715e-01
      3.29795182e-01 -3.99682403e-01 3.33183289e-01 -4.04743344e-01
      3.39648843e-01 -4.11303818e-01</contour2d>
    <histogram type_id="opencv-matrix">
      <rows>20</rows>
      <cols>1</cols>
      <dt>f</dt>
      <data>
        0. 0. 1. 0. 0. 0. 0. 0. 0. 0. 0. 0. 0. 0. 0. 0. 0. 0. 0. 0.</data></histogram></_>
  <_><id>3</id>
    <height>1.5736281871795654e-02</height>
    <contour2d>
      4.01787579e-01 -4.02670085e-01 3.99844408e-01 -4.02556598e-01
      3.95013094e-01 -4.03088987e-01 3.92212987e-01 -4.03822213e-01
      3.88527811e-01 -4.05373275e-01 3.85097265e-01 -4.07190025e-01
      3.78984511e-01 -4.11421716e-01 3.72584879e-01 -4.17135298e-01
      3.68660629e-01 -4.21801925e-01 3.61113012e-01 -4.33151782e-01
      3.58227253e-01 -4.38862145e-01 3.55566621e-01 -4.44906324e-01
      3.52929056e-01 -4.52659011e-01 3.50621998e-01 -4.60951090e-01
      3.48489821e-01 -4.71247852e-01 3.47169042e-01 -4.80734110e-01
      3.46264541e-01 -4.92676556e-01 3.46094966e-01 -4.98034656e-01
      3.46244812e-01 -5.05646825e-01 3.46676409e-01 -5.13797879e-01
      3.47804725e-01 -5.22557259e-01 3.49057555e-01 -5.29877424e-01
      3.51273477e-01 -5.38237929e-01 3.53428721e-01 -5.44798076e-01
      3.56058538e-01 -5.51505566e-01 3.59526753e-01 -5.59719622e-01
      3.64036679e-01 -5.67294598e-01 3.73959482e-01 -5.78929424e-01
      3.77163827e-01 -5.80546975e-01 3.81380498e-01 -5.81370354e-01
      3.84094000e-01 -5.80293536e-01 3.88058007e-01 -5.77011764e-01
      4.10382211e-01 -4.12266850e-01 4.10432935e-01 -4.10678476e-01
      4.07641053e-01 -4.06419039e-01 4.03956234e-01 -4.03015077e-01</contour2d>
    <histogram type_id="opencv-matrix">
      <rows>20</rows>
      <cols>1</cols>
      <dt>f</dt>
      <data>
        0. 1.71585451e-03 9.98284101e-01 0. 0. 0. 0. 0. 0. 0. 0. 0. 0.
        0. 0. 0. 0. 0. 0. 0.</data></histogram></_>
  <_><id>4</id>
    <height>1.5675365924835205e-02</height>
    <contour2d>
      4.01886523e-01 -4.02774423e-01 3.99922252e-01 -4.02639210e-01
      3.95048261e-01 -4.03126925e-01 3.92231703e-01 -4.03842598e-01
      3.88511062e-01 -4.05354679e-01 3.85063171e-01 -4.07151610e-01
      3.80810797e-01 -4.09848690e-01 3.73327196e-01 -4.16150868e-01
      3.70074451e-01 -4.19743627e-01 3.67049336e-01 -4.23616350e-01
      3.60306799e-01 -4.34059441e-01 3.57470512e-01 -4.39838529e-01
      3.55410993e-01 -4.44690794e-01 3.53511155e-01 -4.49788928e-01
      3.51110935e-01 -4.57920849e-01 3.49393427e-01 -4.65016842e-01
      3.47343445e-01 -4.77148563e-01 3.46248746e-01 -4.87055004e-01
      3.45772386e-01 -4.95824665e-01 3.45683396e-01 -5.01334548e-01
      3.45966399e-01 -5.09199739e-01 3.47486019e-01 -5.22010744e-01
      3.48679423e-01 -5.29221654e-01 3.49797368e-01 -5.34621119e-01
      3.53785574e-01 -5.47175646e-01 3.58295858e-01 -5.58265328e-01
      3.61405015e-01 -5.64094365e-01 3.75054419e-01 -5.80119073e-01
      3.78924191e-01 -5.82887411e-01 3.83634686e-01 -5.82017004e-01
      3.86224270e-01 -5.76423287e-01 3.89271975e-01 -5.66237330e-01
      4.10527825e-01 -4.12420630e-01 4.10584450e-01 -4.10837799e-01
      4.05100584e-01 -4.04062212e-01</contour2d>
    <histogram type_id="opencv-matrix">
      <rows>20</rows>
      <cols>1</cols>
      <dt>f</dt>
      <data>
        0. 1.37315481e-03 9.98626828e-01 0. 0. 0. 0. 0. 0. 0. 0. 0. 0.
        0. 0. 0. 0. 0. 0. 0.</data></histogram></_>
  <_><id>5</id>
    <height>1.4339625835418701e-02</height>
    <contour2d>
      4.50196564e-01 -5.55059075e-01 4.53392446e-01 -5.50335705e-01
      4.52402949e-01 -5.45380473e-01 4.49381232e-01 -5.40388703e-01
      3.45614374e-01 -4.19105709e-01 3.43570709e-01 -4.18669075e-01
      3.36245000e-01 -4.17998135e-01 3.33538890e-01 -4.18567955e-01
      3.31762433e-01 -4.20031309e-01 3.29335153e-01 -4.22553450e-01
      3.27886522e-01 -4.24478352e-01 3.26034188e-01 -4.27845389e-01
      3.24782610e-01 -4.31666493e-01 3.23686451e-01 -4.37334925e-01
      3.23297203e-01 -4.40427661e-01 3.23140830e-01 -4.45501924e-01
      3.23419631e-01 -4.52915043e-01 3.23737442e-01 -4.55039918e-01
      3.25972944e-01 -4.64589000e-01 3.27769518e-01 -4.70217884e-01
      3.30501258e-01 -4.76822615e-01 3.34684610e-01 -4.85254019e-01
      3.38251352e-01 -4.91014302e-01 3.43369603e-01 -4.98730868e-01
      3.63475084e-01 -5.20749569e-01 3.85667741e-01 -5.37402153e-01
      4.07510638e-01 -5.47436655e-01 4.35216129e-01 -5.54481745e-01
      4.45402026e-01 -5.55801630e-01</contour2d>
    <histogram type_id="opencv-matrix">
      <rows>20</rows>
      <cols>1</cols>
      <dt>f</dt>
      <data>
        0. 3.76222713e-04 9.99623775e-01 0. 0. 0. 0. 0. 0. 0. 0. 0. 0.
        0. 0. 0. 0. 0. 0. 0.</data></histogram></_>
  <_><id>6</id>
    <height>1.2920677661895752e-02</height>
    <contour2d>
      4.74887908e-01 -4.72292781e-01 4.71723974e-01 -4.69326437e-01
      4.64930177e-01 -4.68489408e-01 3.05301994e-01 -4.79134977e-01
      3.04404616e-01 -4.79833841e-01 2.98317730e-01 -4.87452209e-01
      2.97822148e-01 -4.90564108e-01 2.98111320e-01 -4.92774010e-01
      2.99120545e-01 -4.95588839e-01 3.01323414e-01 -4.99938905e-01
      3.07838678e-01 -5.06989598e-01 3.27357888e-01 -5.17599940e-01
      3.35851014e-01 -5.19730449e-01 3.47551286e-01 -5.21843433e-01
      3.58586729e-01 -5.23165345e-01 3.78459334e-01 -5.22683382e-01
      3.89446437e-01 -5.21465540e-01 4.08002019e-01 -5.18833101e-01
      4.26384449e-01 -5.13566613e-01 4.41556454e-01 -5.06499767e-01
      4.48403418e-01 -5.02092838e-01 4.59551096e-01 -4.94475543e-01
      4.63784814e-01 -4.91214395e-01 4.72182751e-01 -4.80777413e-01
      4.74302590e-01 -4.75391388e-01</contour2d>
    <histogram type_id="opencv-matrix">
      <rows>20</rows>
      <cols>1</cols>
      <dt>f</dt>
      <data>
        0. 0. 1. 0. 0. 0. 0. 0. 0. 0. 0. 0. 0. 0. 0. 0. 0. 0. 0. 0.</data></histogram></_>
  <_><id>7</id>
    <height>1.1266231536865234e-02</height>
    <contour2d>
      4.36295629e-01 -4.15607631e-01 4.32543397e-01 -4.17353392e-01
