<?xml version="1.0"?>
<opencv_storage>
<obj>
  <_><id>1</id>
    <height>6.3162624835968018e-02</height>
    <contour2d>
      5.31974137e-01 -7.44544044e-02 5.38696647e-01 -6.94337487e-02
      5.42114496e-01 -6.42027706e-02 5.42318940e-01 -5.61102144e-02
      5.42155027e-01 -5.20296320e-02 5.40672302e-01 -4.25236635e-02
      5.30763805e-01 1.01384427e-02 5.29391289e-01 1.41580002e-02
      5.25831044e-01 1.81276053e-02 5.22765398e-01 2.07627229e-02
      5.19426525e-01 2.20401175e-02 5.14907420e-01 2.33063381e-02
      5.10374784e-01 2.32391153e-02 4.94597405e-01 2.03505903e-02
      4.88086402e-01 1.89386196e-02 4.85164523e-01 1.76035110e-02
      4.81548876e-01 1.49922175e-02 4.78238374e-01 1.10655399e-02
      4.76391375e-01 7.16911256e-03 4.76132601e-01 5.87369828e-03
      4.75484610e-01 -5.79259067e-04 4.87148672e-01 -6.43813536e-02
      4.88404900e-01 -6.83156997e-02 4.89735126e-01 -7.09636286e-02
      4.91386473e-01 -7.36752301e-02 4.94595736e-01 -7.64829293e-02
      4.97164547e-01 -7.78637305e-02 5.00574946e-01 -7.94139057e-02
      5.08172929e-01 -7.98209757e-02 5.19281149e-01 -7.78011903e-02
      5.28670251e-01 -7.56120756e-02</contour2d>
    <histogram type_id="opencv-matrix">
      <rows>20</rows>
      <cols>1</cols>
      <dt>f</dt>
      <data>
        4.13853824e-02 8.07161704e-02 1.46756679e-01 6.72145605e-01
        1.76108012e-03 5.87026705e-04 0. 0. 0. 0. 0. 2.02524215e-02
        4.98972693e-03 0. 0. 0. 0. 8.80540058e-04 3.05253882e-02 0.</data></histogram></_>
  <_><id>2</id>
    <height>6.3126206398010254e-02</height>
    <contour2d>
      7.10068643e-01 -4.92063463e-02 7.14423597e-01 -4.63097952e-02
      7.16759026e-01 -4.33423705e-02 7.18796670e-01 -4.03447002e-02
      7.19408154e-01 -3.58039029e-02 7.19595909e-01 -3.27599943e-02
      7.18956113e-01 -2.20453162e-02 7.16915965e-01 -9.82665457e-03
      7.08778143e-01 3.41984220e-02 7.06548333e-01 3.86866890e-02
      7.04526782e-01 4.16630842e-02 6.96209431e-01 4.74539436e-02
      6.81856811e-01 4.71103117e-02 6.72212362e-01 4.52505350e-02
      6.64576948e-01 4.35641259e-02 6.59716785e-01 4.05329950e-02
      6.56923234e-01 3.74855548e-02 6.55861735e-01 3.60297598e-02
      6.55046701e-01 3.45113799e-02 6.53573930e-01 3.01022567e-02
      6.53133988e-01 2.56876256e-02 6.53366923e-01 2.27701794e-02
      6.65176272e-01 -4.05058786e-02 6.66870654e-01 -4.49690558e-02
      6.68595314e-01 -4.79636602e-02 6.71578765e-01 -5.10760136e-02
      6.74099743e-01 -5.25610484e-02 6.77989423e-01 -5.41749708e-02
      6.88158751e-01 -5.45394048e-02 7.05838144e-01 -5.05821705e-02</contour2d>
    <histogram type_id="opencv-matrix">
      <rows>20</rows>
      <cols>1</cols>
      <dt>f</dt>
      <data>
        5.37878759e-02 1.09469697e-01 1.80303022e-01 5.86363614e-01
        1.89393933e-03 0. 0. 0. 0. 0. 0. 2.38636360e-02 4.92424238e-03
        0. 0. 0. 0. 7.57575734e-04 3.86363640e-02 0.</data></histogram></_>
  <_><id>3</id>
    <height>6.3084423542022705e-02</height>
    <contour2d>
      7.31510401e-01 -2.83670891e-02 7.33642817e-01 -2.37856563e-02
      7.34150290e-01 -1.91819090e-02 7.33840585e-01 -1.14715071e-02
      7.27761924e-01 2.38197180e-03 7.12921441e-01 3.12470738e-02
      7.06508756e-01 4.32261191e-02 7.02334702e-01 5.06586246e-02
      6.98508561e-01 5.35629205e-02 6.93997324e-01 5.63879088e-02
      6.89957917e-01 5.77409416e-02 6.82617843e-01 5.75131550e-02
      6.78666174e-01 5.58816232e-02 6.62940800e-01 4.79528904e-02
      6.60267472e-01 4.63606566e-02 6.56786919e-01 4.33431938e-02
      6.55584216e-01 4.18788865e-02 6.53854728e-01 3.89104076e-02
      6.53180659e-01 3.73991989e-02 6.52397931e-01 3.45000215e-02
      6.52042270e-01 3.15498970e-02 6.52144432e-01 2.86273975e-02
      6.53107584e-01 2.42230352e-02 6.53640330e-01 2.27815825e-02
      6.83142066e-01 -3.50120515e-02 6.85427725e-01 -3.80655490e-02
      6.86766088e-01 -3.95667478e-02 6.88394368e-01 -4.10886481e-02
      6.90838635e-01 -4.26714718e-02 6.95901930e-01 -4.43611331e-02
      7.02322721e-01 -4.44611609e-02 7.06092179e-01 -4.30388935e-02
      7.12358475e-01 -4.01742272e-02 7.20694602e-01 -3.58038619e-02</contour2d>
    <histogram type_id="opencv-matrix">
      <rows>20</rows>
      <cols>1</cols>
      <dt>f</dt>
      <data>
        5.02946973e-02 1.03339888e-01 1.71709239e-01 5.96856594e-01
        1.57170929e-03 3.92927323e-04 0. 0. 0. 0. 3.92927323e-04
        3.30058932e-02 3.53634590e-03 0. 0. 0. 0. 3.92927323e-04
        3.85068767e-02 0.</data></histogram></_>
  <_><id>4</id>
    <height>6.3127040863037109e-02</height>
    <contour2d>
      7.46499419e-01 8.61645583e-03 7.46901691e-01 1.32806450e-02
      7.46690333e-01 1.79335754e-02 7.44517922e-01 2.25604456e-02
      7.42407262e-01 2.56288536e-02 7.31843531e-01 3.46960798e-02
      7.06419289e-01 5.38158379e-02 6.90200746e-01 6.52566627e-02
      6.83959723e-01 6.94582611e-02 6.78250670e-01 7.07118958e-02
      6.75486684e-01 7.06796646e-02 6.70500576e-01 6.88920915e-02
      6.68143213e-01 6.72799796e-02 6.66144073e-01 6.57148436e-02
      6.64534628e-01 6.41977787e-02 6.51560843e-01 4.76112142e-02
      6.49910212e-01 4.46517132e-02 6.48883641e-01 4.16504852e-02
      6.48338616e-01 3.87813970e-02 6.48219466e-01 3.73126641e-02
      6.48284674e-01 3.43962125e-02 6.49326921e-01 3.00046317e-02
      6.49985075e-01 2.85790171e-02 6.51789248e-01 2.56824344e-02
      6.54046655e-01 2.27983631e-02 7.06930518e-01 -1.73437968e-02
      7.09487975e-01 -1.88987032e-02 7.13577271e-01 -2.04682574e-02
      7.19093442e-01 -2.05239393e-02 7.27249622e-01 -1.75564103e-02
      7.29519486e-01 -1.60478912e-02 7.35916317e-01 -8.40143953e-03
      7.44377911e-01 3.95552954e-03</contour2d>
    <histogram type_id="opencv-matrix">
      <rows>20</rows>
      <cols>1</cols>
      <dt>f</dt>
      <data>
        4.13793102e-02 7.71551728e-02 1.62068963e-01 6.49999976e-01
        1.72413792e-03 0. 0. 0. 0. 0. 4.31034481e-04 2.67241374e-02
        7.32758641e-03 0. 0. 0. 0. 0. 3.31896544e-02 0.</data></histogram></_>
  <_><id>5</id>
    <height>6.3139557838439941e-02</height>
    <contour2d>
      7.33694553e-01 5.62847182e-02 7.33615398e-01 5.93569987e-02
      7.31456220e-01 6.85010180e-02 7.26941705e-01 8.36187676e-02
      7.22811699e-01 8.95264819e-02 7.16665030e-01 9.37645882e-02
      7.10454524e-01 9.49188992e-02 7.06795871e-01 9.47457552e-02
      6.44161344e-01 7.79703185e-02 6.40095353e-01 7.62851983e-02
      6.37476265e-01 7.46386945e-02 6.35530591e-01 7.30911791e-02
      6.34245515e-01 7.16360733e-02 6.32199824e-01 6.86373189e-02
      6.30651832e-01 6.42664880e-02 6.30265713e-01 6.13365956e-02
      6.30265713e-01 5.84536642e-02 6.30727351e-01 5.56193180e-02
      6.35999084e-01 3.55297141e-02 6.36477649e-01 3.41131352e-02
      6.38046861e-01 3.12366989e-02 6.40194595e-01 2.83869151e-02
      6.41688049e-01 2.69486085e-02 6.43589914e-01 2.55280361e-02
      6.45884156e-01 2.41210870e-02 6.50773406e-01 2.27139052e-02
      6.58698201e-01 2.28373893e-02 7.16924071e-01 3.89405303e-02
      7.25271046e-01 4.22064476e-02 7.27365553e-01 4.37947698e-02
      7.29705453e-01 4.69409898e-02 7.31622219e-01 5.00634946e-02</contour2d>
    <histogram type_id="opencv-matrix">
      <rows>20</rows>
      <cols>1</cols>
      <dt>f</dt>
      <data>
        4.28163633e-03 4.75737359e-03 1.46527112e-01 7.66888678e-01
        1.42721215e-03 0. 0. 0. 0. 4.75737383e-04 4.75737383e-04
        4.75737359e-03 0. 0. 0. 0. 0. 0. 7.04091340e-02 0.</data></histogram></_>
  <_><id>6</id>
    <height>6.3162207603454590e-02</height>
    <contour2d>
      7.06066906e-01 9.16058123e-02 7.01911986e-01 9.73959565e-02
      6.93693399e-01 1.05886720e-01 6.87278152e-01 1.11390077e-01
      6.83260977e-01 1.14083357e-01 6.79338038e-01 1.15291007e-01
      6.74403310e-01 1.16536945e-01 6.66728616e-01 1.14509538e-01
      6.64139092e-01 1.12762660e-01 6.60621524e-01 1.09612733e-01
      6.19356990e-01 6.52031973e-02 6.16740704e-01 6.21697791e-02
