<?xml version="1.0"?>
<opencv_storage>
<obj>
  <_><id>1</id>
    <height>1.2949943542480469e-02</height>
    <contour2d>
      5.90647697e-01 7.73559287e-02 5.88540077e-01 8.40300992e-02
      5.85063994e-01 9.19968188e-02 5.83300769e-01 9.45992246e-02
      5.79750061e-01 9.84196290e-02 5.78230381e-01 9.96969864e-02
      5.73162556e-01 1.03402056e-01 5.67826331e-01 1.07011624e-01
      5.65744996e-01 1.08135357e-01 5.56242585e-01 1.11493677e-01
      5.36239386e-01 1.09841548e-01 5.31413555e-01 1.08147167e-01
      5.28258204e-01 1.06599264e-01 5.23859382e-01 1.03714623e-01
      5.18451750e-01 9.92984846e-02 5.14384151e-01 9.39291269e-02
      5.12472987e-01 9.11572129e-02 5.10972381e-01 8.84835944e-02
      5.09130955e-01 8.44545215e-02 5.07495701e-01 7.91933239e-02
      5.06673038e-01 7.40944371e-02 5.06309986e-01 7.01690391e-02
      5.06589472e-01 6.63560033e-02 5.07794261e-01 5.86504899e-02
      5.09353399e-01 5.35627939e-02 5.11127293e-01 4.97794673e-02
      5.14121294e-01 4.47035618e-02 5.17287612e-01 4.09195758e-02
      5.21000564e-01 3.71646322e-02 5.28451085e-01 3.21066529e-02
      5.33842444e-01 2.96347048e-02 5.38171053e-01 2.83864755e-02
      5.43383837e-01 2.71856636e-02 5.56131840e-01 2.74178050e-02
      5.61516285e-01 2.88786925e-02 5.68229496e-01 3.17085423e-02
      5.74853420e-01 3.59065160e-02 5.77980876e-01 3.86804081e-02
      5.81675112e-01 4.28711250e-02 5.88731766e-01 5.40169328e-02
      5.90265274e-01 5.95267564e-02 5.90701938e-01 6.50521591e-02</contour2d>
    <histogram type_id="opencv-matrix">
      <rows>20</rows>
      <cols>1</cols>
      <dt>f</dt>
      <data>
        0. 0. 0. 0. 0. 0. 0. 0. 0. 5.15463902e-03 9.79381427e-02
        3.04123700e-01 2.06185561e-02 5.15463902e-03 2.57731951e-03
        7.73195829e-03 7.73195829e-03 2.57731951e-03 5.46391726e-01 0.</data></histogram></_>
  <_><id>2</id>
    <height>1.2861847877502441e-02</height>
    <contour2d>
      5.94205320e-01 8.02966133e-02 5.92315555e-01 8.70229229e-02
      5.90497911e-01 9.23743993e-02 5.83379865e-01 1.02776982e-01
      5.73145211e-01 1.10151812e-01 5.66143572e-01 1.13602765e-01
      5.57683766e-01 1.15577765e-01 5.40947437e-01 1.14147007e-01
      5.36028922e-01 1.12416364e-01 5.29550552e-01 1.09262772e-01
      5.18619776e-01 9.93385687e-02 5.16866982e-01 9.65892747e-02
      5.13893366e-01 9.12310481e-02 5.12333512e-01 8.72513130e-02
      5.10809839e-01 8.19971189e-02 5.10337412e-01 7.80360326e-02
      5.10303676e-01 6.90089911e-02 5.10526240e-01 6.64678961e-02
      5.11040866e-01 6.39697090e-02 5.12520611e-01 5.88622317e-02
      5.14119983e-01 5.50540090e-02 5.16958654e-01 4.99583595e-02
      5.18691421e-01 4.74397391e-02 5.21910131e-01 4.36536670e-02
      5.24823785e-01 4.11219299e-02 5.31771123e-01 3.61239426e-02
      5.37900627e-01 3.36341634e-02 5.41307330e-01 3.24057639e-02
      5.46577036e-01 3.12220063e-02 5.59716403e-01 3.15123424e-02
      5.64661801e-01 3.29620913e-02 5.75153112e-01 3.72824706e-02
      5.82235992e-01 4.29212712e-02 5.86676657e-01 4.84633818e-02
      5.88667989e-01 5.12787439e-02 5.94125450e-01 6.38296008e-02
      5.94374418e-01 7.48367682e-02</contour2d>
    <histogram type_id="opencv-matrix">
      <rows>20</rows>
      <cols>1</cols>
      <dt>f</dt>
      <data>
        0. 0. 0. 0. 0. 0. 0. 0. 0. 1.42857153e-02 9.76190493e-02
        2.61904776e-01 2.38095243e-02 7.14285765e-03 9.52380989e-03
        2.38095247e-03 1.19047621e-02 2.61904765e-02 5.45238137e-01 0.</data></histogram></_>
  <_><id>3</id>
    <height>1.2900531291961670e-02</height>
    <contour2d>
      6.01213574e-01 8.20614100e-02 6.01163626e-01 8.34310576e-02
      5.99424899e-01 9.70965475e-02 5.97708941e-01 1.01111487e-01
      5.93940139e-01 1.07666433e-01 5.92175722e-01 1.10270239e-01
      5.88793993e-01 1.14124306e-01 5.85084081e-01 1.17877632e-01
      5.79785824e-01 1.21490292e-01 5.74671030e-01 1.23760946e-01
      5.67889094e-01 1.25861421e-01 5.62951386e-01 1.26782686e-01
      5.45899987e-01 1.25155672e-01 5.41126609e-01 1.23429343e-01
      5.38120925e-01 1.21890388e-01 5.33257306e-01 1.18832126e-01
      5.28210104e-01 1.14429273e-01 5.23530126e-01 1.08844601e-01
      5.21788478e-01 1.06075935e-01 5.20448148e-01 1.03413701e-01
      5.18735826e-01 9.93662626e-02 5.16953766e-01 9.40177217e-02
      5.16595960e-01 8.74627605e-02 5.16545296e-01 8.22736323e-02
      5.16684651e-01 7.84161836e-02 5.16992688e-01 7.58824423e-02
      5.18776834e-01 6.95181713e-02 5.20525813e-01 6.57268614e-02
      5.21875441e-01 6.31649122e-02 5.25248706e-01 5.81235848e-02
      5.28842509e-01 5.43878898e-02 5.32997787e-01 5.05609848e-02
      5.36894381e-01 4.81249727e-02 5.41460693e-01 4.56207581e-02
      5.45021951e-01 4.44347598e-02 5.49621105e-01 4.32317369e-02
      5.56397140e-01 4.21174541e-02 5.63097775e-01 4.23201583e-02
      5.69832206e-01 4.38697040e-02 5.78122556e-01 4.68228795e-02
      5.82136512e-01 4.97127287e-02 5.88985503e-01 5.54115549e-02
      5.92505157e-01 5.96593469e-02 5.96053541e-01 6.53031394e-02
      5.99213004e-01 7.22931102e-02</contour2d>
    <histogram type_id="opencv-matrix">
      <rows>20</rows>
      <cols>1</cols>
      <dt>f</dt>
      <data>
        1.04438644e-02 0. 0. 0. 0. 0. 0. 0. 0. 7.83289783e-03
        1.04438648e-01 2.68929511e-01 2.87206266e-02 5.22193220e-03
        2.61096610e-03 1.56657957e-02 7.83289783e-03 3.13315913e-02
        5.16971290e-01 0.</data></histogram></_>
  <_><id>4</id>
    <height>1.2867152690887451e-02</height>
    <contour2d>
      6.00903690e-01 1.10930495e-01 5.99201143e-01 1.16311863e-01
      5.97444773e-01 1.20293342e-01 5.95831692e-01 1.22927539e-01
      5.90316176e-01 1.30615219e-01 5.85523069e-01 1.34343058e-01
      5.81963241e-01 1.36708811e-01 5.76339960e-01 1.40140042e-01
      5.73212862e-01 1.41238660e-01 5.65968037e-01 1.43108040e-01
      5.60888827e-01 1.43921301e-01 5.49427390e-01 1.42778665e-01
      5.44594347e-01 1.40978917e-01 5.37680447e-01 1.37555510e-01
      5.34969211e-01 1.36083513e-01 5.32902658e-01 1.34469405e-01
      5.29610038e-01 1.31512791e-01 5.26967168e-01 1.28763020e-01
      5.24091661e-01 1.24643385e-01 5.20754814e-01 1.19100675e-01
      5.18788278e-01 1.13659084e-01 5.17339230e-01 1.07076026e-01
      5.17035842e-01 1.03109345e-01 5.17510891e-01 9.54416320e-02
      5.18436491e-01 9.02150720e-02 5.20391226e-01 8.52025151e-02
      5.22123933e-01 8.14270526e-02 5.23535788e-01 7.88827538e-02
      5.25197506e-01 7.63793737e-02 5.27137101e-01 7.39168301e-02
      5.29494345e-01 7.13289753e-02 5.31975865e-01 6.89353943e-02
      5.33516467e-01 6.76921755e-02 5.39420426e-01 6.39700145e-02
      5.41656375e-01 6.28135651e-02 5.44479787e-01 6.15761802e-02
      5.47885478e-01 6.04133159e-02 5.52733004e-01 5.92843592e-02
      5.67642629e-01 5.99062704e-02 5.75093508e-01 6.16321228e-02
      5.78942478e-01 6.31935000e-02 5.91023147e-01 7.33085573e-02
      5.94133377e-01 7.75424987e-02 5.97747326e-01 8.32467005e-02
      5.99406898e-01 8.74595642e-02 6.01507902e-01 9.45191085e-02
      6.01565838e-01 1.05561867e-01</contour2d>
    <histogram type_id="opencv-matrix">
      <rows>20</rows>
      <cols>1</cols>
      <dt>f</dt>
      <data>
        4.32276651e-02 0. 0. 0. 0. 0. 0. 0. 0. 2.01729108e-02
        1.15273774e-01 2.47838616e-01 1.15273772e-02 5.76368859e-03 0.
        0. 1.44092217e-02 3.45821306e-02 5.07204592e-01 0.</data></histogram></_>
  <_><id>5</id>
    <height>1.2929618358612061e-02</height>
    <contour2d>
      5.97698331e-01 1.13481499e-01 5.97604871e-01 1.14834525e-01
      5.96028328e-01 1.24349773e-01 5.92311263e-01 1.33579448e-01
      5.86847365e-01 1.41210690e-01 5.79895973e-01 1.47301018e-01
      5.78275383e-01 1.48508653e-01 5.76470256e-01 1.49654642e-01
      5.69530070e-01 1.52935788e-01 5.56337357e-01 1.55563027e-01
      5.44270158e-01 1.54097185e-01 5.35203874e-01 1.50621191e-01
      5.30540466e-01 1.47528455e-01 5.28242469e-01 1.45808697e-01
