<?xml version="1.0"?>
<opencv_storage>
<obj>
  <_><id>1</id>
    <height>2.0010769367218018e-02</height>
    <contour2d>
      4.91703659e-01 -1.35224033e-02 4.90969390e-01 -8.78106430e-03
      4.12582695e-01 8.55936706e-02 3.02585840e-01 3.09128873e-02
      3.02189738e-01 3.05001307e-02 3.02265465e-01 2.94328835e-02
      3.08852524e-01 1.60470009e-02 3.57606560e-01 -8.14419761e-02
      3.58441114e-01 -8.14520270e-02 3.62583369e-01 -7.96868578e-02
      3.88044357e-01 -6.71006590e-02 4.48805958e-01 -3.65332700e-02
      4.90467101e-01 -1.46917906e-02</contour2d>
    <histogram type_id="opencv-matrix">
      <rows>20</rows>
      <cols>1</cols>
      <dt>f</dt>
      <data>
        0. 2.39379734e-01 7.60620236e-01 0. 0. 0. 0. 0. 0. 0. 0. 0. 0.
        0. 0. 0. 0. 0. 0. 0.</data></histogram></_>
  <_><id>2</id>
    <height>2.0099222660064697e-02</height>
    <contour2d>
      4.71006721e-01 -5.50258011e-02 4.71584201e-01 -5.38178086e-02
      4.72108632e-01 -4.91322167e-02 4.55340058e-01 7.08548650e-02
      4.52721775e-01 7.18144700e-02 4.47200924e-01 7.25274906e-02
      3.90327036e-01 7.79575482e-02 3.32421035e-01 8.30681175e-02
      3.32082748e-01 8.16606283e-02 3.20748270e-01 -4.08483855e-02
      3.21415663e-01 -4.18138914e-02 3.36816698e-01 -4.35103849e-02
      3.89663637e-01 -4.81975935e-02</contour2d>
    <histogram type_id="opencv-matrix">
      <rows>20</rows>
      <cols>1</cols>
      <dt>f</dt>
      <data>
        0. 2.28661746e-01 7.71338224e-01 0. 0. 0. 0. 0. 0. 0. 0. 0. 0.
        0. 0. 0. 0. 0. 0. 0.</data></histogram></_>
  <_><id>3</id>
    <height>2.0085632801055908e-02</height>
    <contour2d>
      4.74365771e-01 5.25317080e-02 4.71391827e-01 5.46650775e-02
      4.63077337e-01 5.87884039e-02 4.20719683e-01 7.82082453e-02
      3.64025682e-01 1.03714764e-01 3.62717628e-01 1.04161918e-01
      3.62153590e-01 1.03224449e-01 3.11577260e-01 -9.21372697e-03
      3.11551064e-01 -1.01875933e-02 3.13169897e-01 -1.12081664e-02
      3.89788598e-01 -5.13820350e-02 4.49056804e-01 -7.12689534e-02
      4.50746626e-01 -6.97496235e-02 4.52567875e-01 -6.52173087e-02
      4.73640025e-01 4.78251576e-02</contour2d>
    <histogram type_id="opencv-matrix">
      <rows>20</rows>
      <cols>1</cols>
      <dt>f</dt>
      <data>
        0. 2.25409523e-01 7.74590433e-01 0. 0. 0. 0. 0. 0. 0. 0. 0. 0.
        0. 0. 0. 0. 0. 0. 0.</data></histogram></_>
  <_><id>4</id>
    <height>2.0080208778381348e-02</height>
    <contour2d>
      4.90389436e-01 1.47060258e-02 4.89789277e-01 1.70228779e-02
      4.88567531e-01 2.05160715e-02 4.33309197e-01 9.24514979e-02
      4.15807903e-01 1.14675380e-01 3.96367788e-01 9.97983962e-02
      3.17915231e-01 3.88862267e-02 3.17347646e-01 3.78030315e-02
      3.17713320e-01 3.68851945e-02 3.67146373e-01 -3.53489891e-02
      4.10270333e-01 -8.09086934e-02 4.11662459e-01 -8.01503584e-02
      4.16050911e-01 -7.71152452e-02</contour2d>
    <histogram type_id="opencv-matrix">
      <rows>20</rows>
      <cols>1</cols>
      <dt>f</dt>
      <data>
        0. 2.32418865e-01 7.67581105e-01 0. 0. 0. 0. 0. 0. 0. 0. 0. 0.
        0. 0. 0. 0. 0. 0. 0.</data></histogram></_>
  <_><id>5</id>
    <height>2.0128726959228516e-02</height>
    <contour2d>
      5.14631450e-01 -4.13188264e-02 5.13212144e-01 -6.51230756e-03
      5.08956373e-01 7.92695060e-02 5.07743180e-01 8.15952644e-02
      5.00371754e-01 8.22251588e-02 4.59497124e-01 8.02532807e-02
      4.17227536e-01 7.79792070e-02 3.84060085e-01 7.57151470e-02
      3.83943528e-01 7.46259913e-02 3.83440286e-01 -1.44549217e-02
      3.92557591e-01 -7.46080205e-02 3.92754138e-01 -7.50948042e-02
      3.99777114e-01 -7.47306272e-02</contour2d>
    <histogram type_id="opencv-matrix">
      <rows>20</rows>
      <cols>1</cols>
      <dt>f</dt>
      <data>
        0. 2.37366959e-01 7.62633026e-01 0. 0. 0. 0. 0. 0. 0. 0. 0. 0.
        0. 0. 0. 0. 0. 0. 0.</data></histogram></_>
  <_><id>6</id>
    <height>1.6713500022888184e-02</height>
    <contour2d>
      5.47578156e-01 1.92669928e-02 5.44562161e-01 2.29278654e-02
      5.43052435e-01 2.41340585e-02 4.49759662e-01 9.23089385e-02
      4.48408455e-01 9.24218073e-02 4.33344752e-01 7.20014349e-02
      3.77069712e-01 -5.74051496e-03 3.60275954e-01 -2.97494344e-02
      3.60992730e-01 -3.07829473e-02 3.65887165e-01 -3.42361107e-02
      4.76083696e-01 -8.16494524e-02 4.76932079e-01 -8.08378309e-02
      5.43853760e-01 1.17859924e-02 5.47295749e-01 1.67785529e-02</contour2d>
    <histogram type_id="opencv-matrix">
      <rows>20</rows>
      <cols>1</cols>
      <dt>f</dt>
      <data>
        0. 2.30661303e-01 7.69338667e-01 0. 0. 0. 0. 0. 0. 0. 0. 0. 0.
        0. 0. 0. 0. 0. 0. 0.</data></histogram></_>
  <_><id>7</id>
    <height>1.6816914081573486e-02</height>
    <contour2d>
      5.49792588e-01 -2.78881639e-02 5.47514558e-01 -2.28517838e-02
      5.37861168e-01 -5.46186557e-03 5.16006887e-01 3.31577286e-02
      5.05229712e-01 5.18747754e-02 4.90291566e-01 7.69655257e-02
      4.88511860e-01 7.93260857e-02 4.87560928e-01 7.97007084e-02
      4.10813987e-01 3.82366180e-02 3.58111471e-01 5.77500509e-03
      3.58189404e-01 4.76661231e-03 3.61096680e-01 -4.67509846e-04
      4.42379594e-01 -8.98493305e-02 4.70043898e-01 -7.43616596e-02
      5.27209342e-01 -4.19114456e-02 5.40998280e-01 -3.37968431e-02</contour2d>
    <histogram type_id="opencv-matrix">
      <rows>20</rows>
      <cols>1</cols>
      <dt>f</dt>
      <data>
        0. 2.38439307e-01 7.61560678e-01 0. 0. 0. 0. 0. 0. 0. 0. 0. 0.
        0. 0. 0. 0. 0. 0. 0.</data></histogram></_>
  <_><id>8</id>
    <height>1.7172098159790039e-02</height>
    <contour2d>
      4.61737126e-01 -5.13124571e-04 3.75512481e-01 6.98977523e-03
      3.12032163e-01 6.52183546e-03 3.11664492e-01 5.43904956e-04
      3.11734617e-01 -4.44272126e-04 3.31731439e-01 -1.18228257e-01
      3.33016723e-01 -1.18677974e-01 3.35217088e-01 -1.19000874e-01
      4.41125154e-01 -1.24920480e-01 4.54190344e-01 -1.25327870e-01
      4.55287158e-01 -1.24266468e-01 4.56549734e-01 -1.20988011e-01
      4.60751206e-01 -5.18784598e-02 4.62146908e-01 -2.56602671e-02
      4.62306917e-01 -1.65625324e-03</contour2d>
    <histogram type_id="opencv-matrix">
      <rows>20</rows>
      <cols>1</cols>
      <dt>f</dt>
      <data>
        0. 2.25801468e-01 7.74198532e-01 0. 0. 0. 0. 0. 0. 0. 0. 0. 0.
        0. 0. 0. 0. 0. 0. 0.</data></histogram></_>
  <_><id>9</id>
    <height>1.7376959323883057e-02</height>
    <contour2d>
      4.73788202e-01 -4.10152711e-02 3.98454845e-01 2.78891297e-03
      3.40439796e-01 2.81126425e-02 3.39643747e-01 2.70015169e-02
      3.37047398e-01 2.18974315e-02 3.06688219e-01 -9.39893648e-02
      3.06698620e-01 -9.46209431e-02 3.07507038e-01 -9.52629223e-02
      4.15836155e-01 -1.51860163e-01 4.18278754e-01 -1.49196282e-01
      4.24505115e-01 -1.38002723e-01 4.50918496e-01 -8.75070766e-02
      4.67443019e-01 -5.56417406e-02 4.72837746e-01 -4.43724170e-02</contour2d>
    <histogram type_id="opencv-matrix">
      <rows>20</rows>
      <cols>1</cols>
      <dt>f</dt>
      <data>
        0. 2.29907602e-01 7.70092368e-01 0. 0. 0. 0. 0. 0. 0. 0. 0. 0.
        0. 0. 0. 0. 0. 0. 0.</data></histogram></_>
  <_><id>10</id>
    <height>1.7585158348083496e-02</height>
    <contour2d>
      4.70357656e-01 -6.96346462e-02 4.68205601e-01 -6.61159381e-02
      3.94660681e-01 5.93844755e-03 3.68360728e-01 3.09864804e-02
      3.64804655e-01 3.39905061e-02 3.63184333e-01 3.42074558e-02
      3.58977765e-01 2.98018605e-02 2.96054274e-01 -7.22195953e-02
      2.96190560e-01 -7.29544014e-02 3.07300180e-01 -8.41099173e-02
      3.84003669e-01 -1.59633443e-01 3.90757829e-01 -1.53323203e-01
      4.18091863e-01 -1.26160115e-01 4.70233858e-01 -7.30659068e-02</contour2d>
    <histogram type_id="opencv-matrix">
      <rows>20</rows>
      <cols>1</cols>
      <dt>f</dt>
      <data>
        0. 2.33771309e-01 7.66228676e-01 0. 0. 0. 0. 0. 0. 0. 0. 0. 0.
