<?xml version="1.0"?>
<opencv_storage>
<obj>
  <_><id>1</id>
    <height>1.0420441627502441e-02</height>
    <contour2d>
      4.02665079e-01 -4.72081080e-02 4.00553167e-01 -4.60582189e-02
      3.86384606e-01 -4.13869396e-02 3.83328468e-01 -4.11858521e-02
      3.81384224e-01 -4.12707515e-02 3.77980530e-01 -5.39785847e-02
      3.67468774e-01 -1.04167819e-01 3.68275821e-01 -1.05217263e-01
      3.70116860e-01 -1.06019318e-01 3.76921654e-01 -1.07799955e-01
      3.83754075e-01 -1.08509868e-01 3.85153174e-01 -1.06582575e-01
      4.03101712e-01 -6.28670976e-02 4.06624973e-01 -5.20871282e-02
      4.04570788e-01 -4.84639853e-02</contour2d>
    <histogram type_id="opencv-matrix">
      <rows>20</rows>
      <cols>1</cols>
      <dt>f</dt>
      <data>
        0. 0. 0. 0. 0. 0. 0. 0. 0. 0. 1. 0. 0. 0. 0. 0. 0. 0. 0. 0.</data></histogram></_>
  <_><id>2</id>
    <height>1.0428190231323242e-02</height>
    <contour2d>
      3.72066736e-01 -8.10265914e-02 3.71640056e-01 -8.00869539e-02
      3.68457615e-01 -7.88213685e-02 3.60607207e-01 -7.61003122e-02
      3.11159492e-01 -6.21377826e-02 3.10108125e-01 -6.20563738e-02
      3.08549345e-01 -6.45484701e-02 3.04728448e-01 -7.51251206e-02
      3.03497285e-01 -7.91774318e-02 3.03648174e-01 -8.02218765e-02
      3.04992586e-01 -8.14375281e-02 3.50526810e-01 -1.02305502e-01
      3.61464739e-01 -1.06575653e-01 3.62246066e-01 -1.06558561e-01
      3.63360226e-01 -1.05293468e-01 3.71065021e-01 -8.46877471e-02</contour2d>
    <histogram type_id="opencv-matrix">
      <rows>20</rows>
      <cols>1</cols>
      <dt>f</dt>
      <data>
        0. 0. 0. 0. 0. 0. 0. 0. 0. 0. 1. 0. 0. 0. 0. 0. 0. 0. 0. 0.</data></histogram></_>
  <_><id>3</id>
    <height>1.0043740272521973e-02</height>
    <contour2d>
      3.49301189e-01 -6.74550608e-02 3.50235671e-01 -6.56416789e-02
      3.49691868e-01 -6.36412948e-02 3.43399018e-01 -5.40004112e-02
      3.14189017e-01 -1.44240204e-02 3.13079566e-01 -1.34048518e-02
      3.12133998e-01 -1.33943111e-02 3.07773829e-01 -1.61614474e-02
      2.97830522e-01 -2.28660535e-02 2.95596719e-01 -2.48238035e-02
      2.96056986e-01 -2.68386025e-02 3.20333600e-01 -6.87905625e-02
      3.27610970e-01 -8.04776996e-02 3.29539359e-01 -8.03175718e-02
      3.43015820e-01 -7.16961995e-02</contour2d>
    <histogram type_id="opencv-matrix">
      <rows>20</rows>
      <cols>1</cols>
      <dt>f</dt>
      <data>
        0. 0. 0. 0. 0. 0. 0. 0. 0. 0. 1. 0. 0. 0. 0. 0. 0. 0. 0. 0.</data></histogram></_>
  <_><id>4</id>
    <height>1.0297775268554688e-02</height>
    <contour2d>
      3.41904551e-01 -4.43078429e-02 3.43551755e-01 -4.34411466e-02
      3.45018238e-01 -3.95873152e-02 3.44714612e-01 -3.45110074e-02
      3.29837710e-01 1.98612269e-02 3.27095419e-01 1.96903460e-02
      3.15793216e-01 1.74609646e-02 3.11864436e-01 1.64635554e-02
      3.10982108e-01 1.54611981e-02 3.11102867e-01 1.34806084e-02
      3.16243172e-01 -3.34684104e-02 3.18291396e-01 -4.65798452e-02
      3.19041431e-01 -4.85774837e-02 3.21825981e-01 -4.84984145e-02
      3.32010895e-01 -4.68148477e-02</contour2d>
    <histogram type_id="opencv-matrix">
      <rows>20</rows>
      <cols>1</cols>
      <dt>f</dt>
      <data>
        0. 0. 0. 0. 0. 0. 0. 0. 0. 0. 1. 0. 0. 0. 0. 0. 0. 0. 0. 0.</data></histogram></_>
  <_><id>5</id>
    <height>1.0001957416534424e-02</height>
    <contour2d>
      3.51901948e-01 5.54143339e-02 3.49651545e-01 5.73377758e-02
      3.45219553e-01 6.01371080e-02 3.37731719e-01 6.39592260e-02
      3.37004453e-01 6.39793575e-02 3.35203469e-01 6.18807971e-02
      3.08056325e-01 2.33477876e-02 3.01045001e-01 1.23447385e-02
      3.00027221e-01 1.03646619e-02 3.01990300e-01 8.41798168e-03
      3.03515971e-01 7.43297301e-03 3.18853647e-01 -1.45117054e-03
      3.22941184e-01 -3.46971652e-03 3.23471129e-01 -3.46565945e-03
      3.26569587e-01 -4.53858665e-04 3.52461606e-01 5.15580997e-02
      3.53261530e-01 5.36358766e-02</contour2d>
    <histogram type_id="opencv-matrix">
      <rows>20</rows>
      <cols>1</cols>
      <dt>f</dt>
      <data>
        0. 0. 0. 0. 0. 0. 0. 0. 0. 0. 1. 0. 0. 0. 0. 0. 0. 0. 0. 0.</data></histogram></_>
  <_><id>6</id>
    <height>1.0052025318145752e-02</height>
    <contour2d>
      4.04201597e-01 -1.79633442e-02 4.05712336e-01 -1.25655020e-02
      3.99627149e-01 3.56171392e-02 3.96166772e-01 4.50649075e-02
      3.94897431e-01 4.71662544e-02 3.90301526e-01 4.69697863e-02
      3.78932238e-01 4.55487557e-02 3.78573895e-01 -3.68649838e-03
      3.78852367e-01 -1.97418854e-02 3.87940824e-01 -1.97908599e-02
      3.98932189e-01 -1.89373121e-02</contour2d>
    <histogram type_id="opencv-matrix">
      <rows>20</rows>
      <cols>1</cols>
      <dt>f</dt>
      <data>
        0. 0. 0. 0. 0. 0. 0. 0. 0. 0. 1. 0. 0. 0. 0. 0. 0. 0. 0. 0.</data></histogram></_>
  <_><id>7</id>
    <height>1.0138154029846191e-02</height>
    <contour2d>
      4.41630214e-01 -7.87780359e-02 4.42994863e-01 -7.68175200e-02
      4.42866921e-01 -7.47076049e-02 4.16531742e-01 -3.05099245e-02
      4.10667598e-01 -2.15121098e-02 4.08280253e-01 -2.25698743e-02
      4.06654865e-01 -2.36144941e-02 3.90312076e-01 -3.50989737e-02
      3.88178498e-01 -3.72051038e-02 3.88294935e-01 -3.83007452e-02
      3.89752388e-01 -4.05479968e-02 3.97205889e-01 -5.06999977e-02
      4.28590178e-01 -8.83423388e-02 4.29412037e-01 -8.83260369e-02</contour2d>
    <histogram type_id="opencv-matrix">
      <rows>20</rows>
      <cols>1</cols>
      <dt>f</dt>
      <data>
        0. 0. 0. 0. 0. 0. 0. 0. 0. 0. 1. 0. 0. 0. 0. 0. 0. 0. 0. 0.</data></histogram></_>
  <_><id>8</id>
    <height>4.5906901359558105e-02</height>
    <contour2d>
      4.65235949e-01 -5.78721389e-02 4.64124948e-01 -5.67300133e-02
      4.53930646e-01 -5.07421568e-02 4.51852381e-01 -5.15730269e-02
      4.42574501e-01 -5.65933995e-02 4.41481411e-01 -5.75077981e-02
      4.40987349e-01 -5.86675368e-02 4.40533161e-01 -6.97276518e-02
      4.40691739e-01 -7.17763901e-02 4.41455811e-01 -7.30378553e-02
      4.51667547e-01 -7.92889521e-02 4.54470038e-01 -7.90742114e-02
      4.61345285e-01 -7.52542093e-02 4.65171605e-01 -7.22035393e-02</contour2d>
    <histogram type_id="opencv-matrix">
      <rows>20</rows>
      <cols>1</cols>
      <dt>f</dt>
      <data>
        0. 0. 0. 0. 0. 0. 0. 0. 0. 0. 1. 0. 0. 0. 0. 0. 0. 0. 0. 0.</data></histogram></_>
  <_><id>9</id>
    <height>4.5761883258819580e-02</height>
    <contour2d>
      4.41261470e-01 -6.29278272e-02 4.41324830e-01 -6.18627705e-02
      4.38565135e-01 -4.98583354e-02 4.36158299e-01 -4.86790426e-02
      4.24791664e-01 -4.54010479e-02 4.24002409e-01 -4.55266871e-02
      4.23310786e-01 -4.57879454e-02 4.14683580e-01 -5.39480895e-02
      4.13968235e-01 -5.48912659e-02 4.13743913e-01 -5.59178367e-02
      4.13904190e-01 -5.71668856e-02 4.16195035e-01 -6.69242814e-02
      4.17018771e-01 -6.90641478e-02 4.18599427e-01 -6.98852986e-02
      4.28909481e-01 -7.30057508e-02 4.30947334e-01 -7.29016364e-02
      4.34993744e-01 -7.00318813e-02 4.40084577e-01 -6.50167912e-02</contour2d>
    <histogram type_id="opencv-matrix">
      <rows>20</rows>
      <cols>1</cols>
      <dt>f</dt>
      <data>
        0. 0. 0. 0. 0. 0. 0. 0. 0. 0. 1. 0. 0. 0. 0. 0. 0. 0. 0. 0.</data></histogram></_>
  <_><id>10</id>
    <height>4.5895338058471680e-02</height>
    <contour2d>
      4.13293511e-01 -4.22670171e-02 4.08467948e-01 -3.68551947e-02
      4.02793050e-01 -3.18324007e-02 4.00245160e-01 -3.20876166e-02
      3.91709149e-01 -3.38720083e-02 3.89606476e-01 -3.47601511e-02
      3.88889074e-01 -3.58114578e-02 3.85649621e-01 -4.60772999e-02
      3.85254085e-01 -4.80832495e-02 3.85725290e-01 -4.93865907e-02
      3.92345965e-01 -5.67240641e-02 3.94714743e-01 -5.90873063e-02
      3.96672845e-01 -5.89951761e-02 4.07473207e-01 -5.65755628e-02
      4.10062164e-01 -5.46684451e-02 4.13204491e-01 -4.32995558e-02</contour2d>
    <histogram type_id="opencv-matrix">
      <rows>20</rows>
      <cols>1</cols>
      <dt>f</dt>
      <data>
