<?xml version="1.0"?>
<opencv_storage>
<obj>
  <_><id>1</id>
    <height>5.1052093505859375e-02</height>
    <contour2d>
      4.24128503e-01 -3.93564291e-02 4.23922777e-01 -2.77782213e-02
      4.20553446e-01 -1.51319737e-02 4.18037444e-01 -1.09124370e-02
      4.15481180e-01 -7.75637943e-03 4.04725820e-01 1.59770076e-03
      3.97431433e-01 4.64809639e-03 3.93880993e-01 5.64697199e-03
      3.89106333e-01 6.62740134e-03 3.78412575e-01 6.56143995e-03
      3.73781443e-01 5.52945444e-03 3.70612830e-01 4.51945281e-03
      3.66081834e-01 2.51995167e-03 3.64181608e-01 1.53025519e-03
      3.61092746e-01 -4.41021024e-04 3.58680815e-01 -2.39956775e-03
      3.55557710e-01 -5.32236043e-03 3.52402657e-01 -9.19808634e-03
      3.49332660e-01 -1.40210688e-02 3.47940981e-01 -1.68888010e-02
      3.46196920e-01 -2.17080861e-02 3.45033050e-01 -2.64986865e-02
      3.44706476e-01 -2.93552224e-02 3.44632536e-01 -3.22376266e-02
      3.44744235e-01 -3.61094549e-02 3.45093727e-01 -4.00241129e-02
      3.45947266e-01 -4.39041480e-02 3.46870542e-01 -4.68341336e-02
      3.48072261e-01 -4.98244204e-02 3.51403862e-01 -5.58722094e-02
      3.56573969e-01 -6.20401837e-02 3.57715786e-01 -6.31110296e-02
      3.61994356e-01 -6.63585663e-02 3.68359149e-01 -6.97673410e-02
      3.71567667e-01 -7.09904134e-02 3.78086448e-01 -7.24707097e-02
      3.86301339e-01 -7.31752962e-02 3.93794626e-01 -7.16365129e-02
      4.00031388e-01 -7.01346621e-02 4.03466046e-01 -6.83187023e-02
      4.14118826e-01 -5.97185045e-02 4.16567475e-01 -5.67483045e-02
      4.20289099e-01 -5.06980866e-02 4.22975361e-01 -4.45652269e-02</contour2d>
    <histogram type_id="opencv-matrix">
      <rows>20</rows>
      <cols>1</cols>
      <dt>f</dt>
      <data>
        0. 0. 0. 0. 0. 0. 0. 0. 0. 0. 0. 0. 1.30603209e-01
        8.69396806e-01 0. 0. 0. 0. 0. 0.</data></histogram></_>
  <_><id>2</id>
    <height>5.0997853279113770e-02</height>
    <contour2d>
      4.63415980e-01 -4.21110839e-02 4.63250279e-01 -3.77127156e-02
      4.61836427e-01 -2.89098714e-02 4.58992302e-01 -2.22806931e-02
      4.55065250e-01 -1.56822279e-02 4.52553332e-01 -1.23972762e-02
      4.44615185e-01 -5.85120497e-03 4.40933615e-01 -3.69069586e-03
      4.36165512e-01 -1.54360454e-03 4.32198256e-01 -4.75745182e-04
      4.26295370e-01 5.82141744e-04 4.19156164e-01 5.78145671e-04
      4.14070040e-01 -4.67281585e-04 4.10753757e-01 -1.50513917e-03
      4.08210337e-01 -2.53670360e-03 4.04155552e-01 -4.58418066e-03
      4.00884390e-01 -6.62633637e-03 3.97024214e-01 -9.66164097e-03
      3.94878477e-01 -1.16850203e-02 3.89875352e-01 -1.76977180e-02
      3.86823058e-01 -2.37275418e-02 3.85684222e-01 -2.67305244e-02
      3.84553611e-01 -3.07361875e-02 3.83496821e-01 -3.77664790e-02
      3.83482903e-01 -4.28067744e-02 3.84472847e-01 -4.88920771e-02
      3.85719299e-01 -5.30140847e-02 3.87937874e-01 -5.81975505e-02
      3.90470088e-01 -6.24548420e-02 3.93829137e-01 -6.67428598e-02
      3.98439795e-01 -7.11625814e-02 3.99993420e-01 -7.23701119e-02
      4.03733432e-01 -7.47539923e-02 4.05982733e-01 -7.59443119e-02
      4.12588745e-01 -7.84544796e-02 4.26887512e-01 -7.95651600e-02
      4.34244156e-01 -7.80210495e-02 4.39516753e-01 -7.63373300e-02
      4.44773525e-01 -7.35426098e-02 4.50113416e-01 -6.96406290e-02
      4.54944313e-01 -6.34175465e-02 4.59151983e-01 -5.71734831e-02
      4.60463881e-01 -5.39723486e-02 4.61825699e-01 -4.96765487e-02</contour2d>
    <histogram type_id="opencv-matrix">
      <rows>20</rows>
      <cols>1</cols>
      <dt>f</dt>
      <data>
        0. 0. 0. 0. 0. 0. 0. 0. 0. 0. 0. 0. 1.85234904e-01
        8.14765096e-01 0. 0. 0. 0. 0. 0.</data></histogram></_>
  <_><id>3</id>
    <height>5.0987422466278076e-02</height>
    <contour2d>
      4.84079182e-01 -1.28004802e-02 4.81553882e-01 -4.96347668e-03
      4.76945728e-01 1.72246143e-03 4.74204451e-01 5.03873313e-03
      4.64623928e-01 1.26646468e-02 4.60973144e-01 1.48128802e-02
      4.58571464e-01 1.58751793e-02 4.49274927e-01 1.78859551e-02
      4.39205855e-01 1.77123267e-02 4.31361377e-01 1.54397925e-02
      4.26679969e-01 1.32621629e-02 4.22978163e-01 1.11066718e-02
      4.20122147e-01 8.96736979e-03 4.15467203e-01 4.75212839e-03
      4.13090557e-01 1.61617028e-03 4.11728621e-01 -4.66094381e-04
      4.09018040e-01 -5.64467814e-03 4.08191115e-01 -7.71637820e-03
      4.06879097e-01 -1.18408483e-02 4.05821770e-01 -1.69984102e-02
      4.05531913e-01 -2.11119596e-02 4.05520022e-01 -2.62731761e-02
      4.06827807e-01 -3.25209983e-02 4.08167362e-01 -3.67210768e-02
      4.09041882e-01 -3.88008617e-02 4.10678536e-01 -4.20217924e-02
      4.12638873e-01 -4.51869853e-02 4.14220870e-01 -4.73837480e-02
      4.18523848e-01 -5.17238043e-02 4.22554970e-01 -5.51330335e-02
      4.24211383e-01 -5.63301891e-02 4.28654253e-01 -5.86432628e-02
      4.31471020e-01 -5.99122867e-02 4.35692608e-01 -6.12916760e-02
      4.48674798e-01 -6.19705208e-02 4.54247952e-01 -6.12741746e-02
      4.61947739e-01 -5.84404469e-02 4.66257989e-01 -5.65243699e-02
      4.71466988e-01 -5.23807220e-02 4.75517869e-01 -4.81531024e-02
      4.80989188e-01 -3.94955724e-02 4.83953714e-01 -3.17980498e-02</contour2d>
    <histogram type_id="opencv-matrix">
      <rows>20</rows>
      <cols>1</cols>
      <dt>f</dt>
      <data>
        0. 0. 0. 0. 0. 0. 0. 0. 0. 0. 0. 0. 1.53174147e-01
        8.46825838e-01 0. 0. 0. 0. 0. 0.</data></histogram></_>
  <_><id>4</id>
    <height>5.0972163677215576e-02</height>
    <contour2d>
      4.91214663e-01 9.63026658e-03 4.88322735e-01 2.08305698e-02
      4.87053663e-01 2.41745915e-02 4.84011441e-01 2.85651311e-02
      4.78387594e-01 3.50746959e-02 4.71628994e-01 4.03698124e-02
      4.67555523e-01 4.24069092e-02 4.62057889e-01 4.43537124e-02
      4.53417391e-01 4.61930074e-02 4.45376247e-01 4.58000824e-02
      4.40066189e-01 4.44682688e-02 4.36413229e-01 4.32505272e-02
      4.31652129e-01 4.09407020e-02 4.28104907e-01 3.86916660e-02
      4.22773778e-01 3.42418738e-02 4.20062244e-01 3.09822168e-02
      4.17790025e-01 2.77814232e-02 4.16505784e-01 2.56507862e-02
      4.15423274e-01 2.35413425e-02 4.12950844e-01 1.72314867e-02
      4.11909282e-01 1.30576156e-02 4.11527157e-01 9.92437918e-03
      4.11402851e-01 5.76593587e-03 4.11610693e-01 1.61258003e-03
      4.12869364e-01 -4.62990114e-03 4.13948298e-01 -7.75886746e-03
      4.15262401e-01 -1.09012807e-02 4.16324615e-01 -1.29981171e-02
      4.18927103e-01 -1.72274131e-02 4.20557082e-01 -1.93714760e-02
      4.23376024e-01 -2.25462746e-02 4.24632221e-01 -2.36292277e-02
      4.30423051e-01 -2.80530434e-02 4.34470057e-01 -3.03164497e-02
      4.40461218e-01 -3.26233320e-02 4.46125031e-01 -3.39226648e-02
      4.53562587e-01 -3.41531932e-02 4.60331231e-01 -3.33014391e-02
      4.70525563e-01 -2.91918069e-02 4.79581445e-01 -2.16382053e-02
      4.82542098e-01 -1.83592699e-02 4.86572981e-01 -1.17051285e-02
      4.89786625e-01 -5.00223041e-03 4.91120785e-01 2.87284842e-03</contour2d>
    <histogram type_id="opencv-matrix">
      <rows>20</rows>
      <cols>1</cols>
      <dt>f</dt>
      <data>
        0. 0. 0. 0. 0. 0. 0. 0. 0. 0. 0. 0. 1.33977070e-01
        8.66022885e-01 0. 0. 0. 0. 0. 0.</data></histogram></_>
  <_><id>5</id>
    <height>5.1068782806396484e-02</height>
    <contour2d>
      4.65845555e-01 4.77952622e-02 4.64506596e-01 5.21159917e-02
      4.63101506e-01 5.53200655e-02 4.57761973e-01 6.37317151e-02
      4.53732163e-01 6.78012744e-02 4.48349059e-01 7.17246234e-02
      4.43345726e-01 7.46015385e-02 4.38165069e-01 7.63325691e-02
      4.30738598e-01 7.78932124e-02 4.17364895e-01 7.68552274e-02
      4.10168409e-01 7.42135569e-02 4.05889183e-01 7.18949437e-02
      4.04088229e-01 7.06288740e-02 3.98833752e-01 6.62348270e-02
      3.94949436e-01 6.18187711e-02 3.92766118e-01 5.86378761e-02
      3.90124321e-01 5.33493049e-02 3.89125049e-01 5.02679050e-02
      3.87849063e-01 4.51193862e-02 3.87226820e-01 3.90663557e-02
