<?xml version="1.0"?>
<opencv_storage>
<obj>
  <_><id>1</id>
    <height>3.1571924686431885e-02</height>
    <contour2d>
      4.35662508e-01 -3.47734168e-02 4.35794532e-01 -3.32375839e-02
      4.34793890e-01 -6.82332879e-03 4.29811925e-01 2.36951350e-03
      4.19630349e-01 1.29870819e-02 4.16477799e-01 1.60458144e-02
      4.08684313e-01 1.90470535e-02 3.99091601e-01 1.73851326e-02
      3.93527895e-01 1.58338994e-02 3.88340414e-01 1.28107853e-02
      3.87271523e-01 1.13168275e-02 3.83276045e-01 3.80118727e-03
      3.81374508e-01 -6.66775042e-04 3.80179226e-01 -6.60997164e-03
      3.80886942e-01 -1.10956524e-02 3.82730424e-01 -1.70953702e-02
      3.85141671e-01 -2.15804856e-02 3.87223989e-01 -2.46467087e-02
      3.91127318e-01 -2.91805398e-02 3.96240354e-01 -3.38648185e-02
      4.00734007e-01 -3.69996727e-02 4.03697670e-01 -3.85890342e-02
      4.07252043e-01 -4.01041731e-02 4.19699222e-01 -4.04803380e-02
      4.32143390e-01 -3.77462506e-02</contour2d>
    <histogram type_id="opencv-matrix">
      <rows>20</rows>
      <cols>1</cols>
      <dt>f</dt>
      <data>
        0. 0. 1. 0. 0. 0. 0. 0. 0. 0. 0. 0. 0. 0. 0. 0. 0. 0. 0. 0.</data></histogram></_>
  <_><id>2</id>
    <height>3.1339704990386963e-02</height>
    <contour2d>
      4.39217925e-01 -3.48904505e-02 4.39061344e-01 -3.17672044e-02
      4.35011446e-01 -1.14322146e-02 4.28946584e-01 -6.85927516e-04
      4.24407929e-01 3.88940284e-03 4.16337132e-01 9.95839573e-03
      4.07486558e-01 1.29260998e-02 3.98235679e-01 1.28841056e-02
      3.94350708e-01 1.13182357e-02 3.88482451e-01 8.32058955e-03
      3.82717729e-01 3.80947371e-03 3.81634504e-01 8.23418493e-04
      3.78897429e-01 -9.57750715e-03 3.78650695e-01 -1.10528003e-02
      3.78566533e-01 -1.40162259e-02 3.78712714e-01 -1.69920195e-02
      3.79082769e-01 -1.85009800e-02 3.79633427e-01 -2.00269856e-02
      3.81077766e-01 -2.30282359e-02 3.82738471e-01 -2.60553509e-02
      3.83767426e-01 -2.75348090e-02 3.86379242e-01 -3.05492561e-02
      3.88152957e-01 -3.22436132e-02 3.93751323e-01 -3.67169045e-02
      3.99174571e-01 -3.99759263e-02 4.02641952e-01 -4.14756685e-02
      4.07640994e-01 -4.31918502e-02 4.20294404e-01 -4.36231308e-02
      4.35581207e-01 -3.78621779e-02</contour2d>
    <histogram type_id="opencv-matrix">
      <rows>20</rows>
      <cols>1</cols>
      <dt>f</dt>
      <data>
        0. 0. 1. 0. 0. 0. 0. 0. 0. 0. 0. 0. 0. 0. 0. 0. 0. 0. 0. 0.</data></histogram></_>
  <_><id>3</id>
    <height>3.0729770660400391e-02</height>
    <contour2d>
      4.53975499e-01 -2.11310145e-02 4.37879831e-01 -3.77695030e-03
      4.34051275e-01 -6.91574824e-04 4.26159829e-01 2.38670222e-03
      4.08003092e-01 2.35811132e-03 4.03110385e-01 8.34377017e-04
      3.99745226e-01 -6.76763244e-04 3.97069931e-01 -2.18280219e-03
      3.95482868e-01 -3.68443364e-03 3.91994238e-01 -8.16646218e-03
      3.88448656e-01 -1.41604682e-02 3.87906522e-01 -1.56294107e-02
      3.86376500e-01 -2.16748584e-02 3.89361769e-01 -3.21151391e-02
      3.90549958e-01 -3.51115838e-02 3.92278731e-01 -3.81796248e-02
      3.94804597e-01 -4.13714722e-02 3.99771571e-01 -4.45999056e-02
      4.02928144e-01 -4.62351255e-02 4.07815337e-01 -4.77738231e-02
      4.26526189e-01 -4.82569672e-02 4.34926271e-01 -4.53502573e-02
      4.39068466e-01 -4.23361920e-02 4.53466237e-01 -2.58072428e-02</contour2d>
    <histogram type_id="opencv-matrix">
      <rows>20</rows>
      <cols>1</cols>
      <dt>f</dt>
      <data>
        0. 0. 1. 0. 0. 0. 0. 0. 0. 0. 0. 0. 0. 0. 0. 0. 0. 0. 0. 0.</data></histogram></_>
  <_><id>4</id>
    <height>3.0902266502380371e-02</height>
    <contour2d>
      4.55666482e-01 -1.64387375e-02 4.37516093e-01 -2.23204470e-03
      4.32316452e-01 8.48597614e-04 4.27512705e-01 2.38779257e-03
      4.16740149e-01 2.37015681e-03 4.09779787e-01 8.39662564e-04
      4.05556500e-01 -6.81857578e-04 4.02552903e-01 -2.19702674e-03
      4.00034964e-01 -3.69706308e-03 3.98063034e-01 -5.19300345e-03
      3.96427274e-01 -6.71534566e-03 3.93685222e-01 -1.11839129e-02
      3.89838934e-01 -2.01703142e-02 3.89011085e-01 -2.62012389e-02
      3.89524847e-01 -2.77525727e-02 3.93707693e-01 -3.67114022e-02
      3.95302653e-01 -3.97714414e-02 3.99609029e-01 -4.45754938e-02
      4.02340055e-01 -4.61445302e-02 4.06258345e-01 -4.77161147e-02
      4.12445605e-01 -4.94622849e-02 4.22016323e-01 -4.96508367e-02
      4.34462368e-01 -4.69954275e-02 4.39614952e-01 -4.39498723e-02
      4.46241826e-01 -3.62863429e-02 4.54936981e-01 -2.42549311e-02</contour2d>
    <histogram type_id="opencv-matrix">
      <rows>20</rows>
      <cols>1</cols>
      <dt>f</dt>
      <data>
        0. 0. 1. 0. 0. 0. 0. 0. 0. 0. 0. 0. 0. 0. 0. 0. 0. 0. 0. 0.</data></histogram></_>
  <_><id>5</id>
    <height>2.9992580413818359e-02</height>
    <contour2d>
      4.60766315e-01 -3.86752421e-03 4.40707356e-01 3.95441009e-03
      4.36272979e-01 5.51128155e-03 4.33591187e-01 5.50710363e-03
      4.26047146e-01 3.93847004e-03 4.18370515e-01 8.43513233e-04
      4.15358752e-01 -6.85053586e-04 4.13002849e-01 -2.21222150e-03
      4.09134775e-01 -5.26159164e-03 4.06165063e-01 -8.26462358e-03
      4.03674781e-01 -1.12939766e-02 4.01777565e-01 -1.42925335e-02
      4.01028752e-01 -1.58283245e-02 4.00588959e-01 -1.73176080e-02
      3.99859816e-01 -2.33108848e-02 3.99847031e-01 -2.94625163e-02
      3.99956524e-01 -3.08655053e-02 4.01362002e-01 -3.70776504e-02
      4.02702451e-01 -3.86138223e-02 4.09181088e-01 -4.47613262e-02
      4.13429409e-01 -4.79055531e-02 4.16723520e-01 -4.95721437e-02
      4.28699106e-01 -4.99401912e-02 4.36640263e-01 -4.69616428e-02
      4.42056954e-01 -4.39526662e-02 4.49494004e-01 -3.96143720e-02
      4.53879714e-01 -3.50170359e-02 4.57203507e-01 -2.56330818e-02
      4.61831570e-01 -1.01805832e-02 4.62192833e-01 -7.03019323e-03</contour2d>
    <histogram type_id="opencv-matrix">
      <rows>20</rows>
      <cols>1</cols>
      <dt>f</dt>
      <data>
        0. 0. 1. 0. 0. 0. 0. 0. 0. 0. 0. 0. 0. 0. 0. 0. 0. 0. 0. 0.</data></histogram></_>
  <_><id>6</id>
    <height>3.0106842517852783e-02</height>
    <contour2d>
      4.62100267e-01 7.19084032e-03 4.59002614e-01 1.03326142e-02
      4.34321165e-01 1.01816291e-02 4.30342615e-01 8.58702697e-03
      4.27638710e-01 7.03411130e-03 4.25507724e-01 5.47300093e-03
      4.22078192e-01 2.38321442e-03 4.17762160e-01 -2.22046371e-03
      4.15359139e-01 -5.28599648e-03 4.13467169e-01 -8.33299104e-03
      4.11814213e-01 -1.13749718e-02 4.10251856e-01 -1.59373339e-02
      4.09433603e-01 -1.89373866e-02 4.08830732e-01 -2.35463828e-02
      4.09313232e-01 -2.65331157e-02 4.10685331e-01 -3.11132912e-02
      4.13297117e-01 -3.73702645e-02 4.14148241e-01 -3.88555638e-02
      4.16612267e-01 -4.20792028e-02 4.18218732e-01 -4.36683632e-02
      4.27545190e-01 -4.68695685e-02 4.38682079e-01 -4.70784791e-02
      4.50032949e-01 -4.12349999e-02 4.57154214e-01 -3.18621211e-02
      4.62526560e-01 -2.26207692e-02 4.64808613e-01 -1.79763883e-02
      4.63899672e-01 -8.53381399e-03</contour2d>
    <histogram type_id="opencv-matrix">
      <rows>20</rows>
      <cols>1</cols>
      <dt>f</dt>
      <data>
        0. 0. 1. 0. 0. 0. 0. 0. 0. 0. 0. 0. 0. 0. 0. 0. 0. 0. 0. 0.</data></histogram></_>
  <_><id>7</id>
    <height>2.9475271701812744e-02</height>
    <contour2d>
      4.57223892e-01 -2.73816399e-02 4.63679343e-01 -1.95520278e-02
      4.67363358e-01 -7.01058004e-03 4.65956777e-01 5.57515072e-03
      4.62966204e-01 1.34045770e-02 4.60347176e-01 1.96657218e-02
      4.55148637e-01 2.42617484e-02 4.39776272e-01 3.35519239e-02
      4.34216201e-01 3.34830023e-02 4.20828164e-01 1.78101920e-02
      4.19065773e-01 1.47007434e-02 4.18467224e-01 1.31367026e-02
      4.17224109e-01 8.52697250e-03 4.16851103e-01 5.44846058e-03
      4.16780710e-01 2.37953314e-03 4.17108029e-01 -3.74544575e-03
      4.17764425e-01 -8.35162867e-03 4.19168651e-01 -1.29583133e-02
      4.21834886e-01 -1.91091523e-02 4.23836350e-01 -2.22345535e-02
