<?xml version="1.0"?>
<opencv_storage>
<obj>
  <_><id>1</id>
    <height>4.9945354461669922e-02</height>
    <contour2d>
      3.32425922e-01 4.52972613e-02 3.29054296e-01 4.71261665e-02
      3.25103194e-01 4.69615720e-02 3.00029486e-01 4.16367762e-02
      2.95935452e-01 4.04429808e-02 2.94052452e-01 3.93958688e-02
      2.91950613e-01 3.65162939e-02 2.90919960e-01 3.34158763e-02
      2.83050418e-01 -4.24199272e-03 2.83432543e-01 -8.10684636e-03
      2.87012309e-01 -1.87969450e-02 2.88711548e-01 -2.17180140e-02
      2.91156828e-01 -2.37702113e-02 3.28740358e-01 -3.69760804e-02
      3.29670459e-01 -3.69981714e-02 3.33958685e-01 -3.51363830e-02
      3.45941484e-01 -2.83693057e-02 3.46984297e-01 -2.73618959e-02
      3.53347719e-01 2.41970941e-02</contour2d>
    <histogram type_id="opencv-matrix">
      <rows>20</rows>
      <cols>1</cols>
      <dt>f</dt>
      <data>
        3.03730011e-01 3.78922448e-02 6.80876300e-02 1.05979875e-01
        1.48016578e-02 0. 0. 0. 1.18413270e-02 4.79573719e-02
        1.22557729e-01 1.25518054e-01 1.00651272e-02 1.18413265e-03
        5.92066324e-04 1.77619897e-03 2.36826530e-03 6.51272945e-03
        1.39135584e-01 0.</data></histogram></_>
  <_><id>2</id>
    <height>4.9955725669860840e-02</height>
    <contour2d>
      4.63977844e-01 1.11406716e-02 4.63650644e-01 1.46264751e-02
      4.44266140e-01 5.60590662e-02 4.38873112e-01 6.23398721e-02
      4.35745031e-01 6.32020235e-02 4.11115050e-01 6.79918826e-02
      4.09378827e-01 6.79906234e-02 4.06396627e-01 6.55112863e-02
      3.85308325e-01 4.57666665e-02 3.84003252e-01 4.35439087e-02
      3.83631498e-01 4.24139686e-02 3.83468568e-01 3.92916128e-02
      3.83715481e-01 3.81358452e-02 3.96893740e-01 -4.84698598e-04
      3.99125695e-01 -2.65906402e-03 4.07898277e-01 -1.04156230e-02
      4.09502506e-01 -1.15458723e-02 4.12082195e-01 -1.26857050e-02
      4.14637774e-01 -1.27191273e-02 4.53713536e-01 -3.97806149e-03</contour2d>
    <histogram type_id="opencv-matrix">
      <rows>20</rows>
      <cols>1</cols>
      <dt>f</dt>
      <data>
        2.76461303e-01 4.58135866e-02 5.84518164e-02 8.84676129e-02
        1.26382308e-02 0. 0. 0. 1.18483417e-02 4.97630350e-02
        1.24012642e-01 1.50078997e-01 1.02685625e-02 0. 0.
        7.89889426e-04 3.15955770e-03 4.73933667e-03 1.63507104e-01 0.</data></histogram></_>
  <_><id>3</id>
    <height>4.9866795539855957e-02</height>
    <contour2d>
      4.72459465e-01 2.53426284e-02 4.31136459e-01 5.59358783e-02
      4.30080324e-01 5.59065156e-02 4.26010191e-01 5.49146980e-02
      4.04152751e-01 4.89255041e-02 4.00289774e-01 4.76220436e-02
      3.98989111e-01 4.64589112e-02 3.98183882e-01 4.53747548e-02
      3.97165954e-01 4.31668796e-02 3.87772739e-01 1.56938918e-02
      3.87668788e-01 1.24538345e-02 3.87954980e-01 1.13871535e-02
      3.89030159e-01 9.23619233e-03 3.90761584e-01 7.07704853e-03
      4.20634568e-01 -2.04899404e-02 4.33076173e-01 -2.30945237e-02
      4.37799871e-01 -2.31764875e-02 4.69641238e-01 1.81982783e-03
      4.71909374e-01 4.17024735e-03</contour2d>
    <histogram type_id="opencv-matrix">
      <rows>20</rows>
      <cols>1</cols>
      <dt>f</dt>
      <data>
        2.24643126e-01 6.23591281e-02 9.91735533e-02 7.06235915e-02
        1.12697221e-02 0. 0. 0. 1.05184074e-02 4.43275720e-02
        1.32982716e-01 1.45003751e-01 1.27723515e-02 0. 1.50262960e-03
        3.75657389e-03 4.50788904e-03 7.51314778e-03 1.69045836e-01 0.</data></histogram></_>
  <_><id>4</id>
    <height>4.9844980239868164e-02</height>
    <contour2d>
      4.83357608e-01 1.25239054e-02 4.83348876e-01 1.37104942e-02
      4.76750880e-01 3.13502625e-02 4.75171745e-01 3.24739367e-02
      4.28805649e-01 4.34436165e-02 4.24807727e-01 4.32622693e-02
      4.20933485e-01 4.03043367e-02 4.00791824e-01 2.25102287e-02
      3.99444759e-01 2.02861652e-02 3.99338365e-01 1.80926677e-02
      3.99439961e-01 1.59118995e-02 4.02914226e-01 -1.25563508e-02
      4.04382259e-01 -1.58335362e-02 4.07327145e-01 -1.80982426e-02
      4.10019040e-01 -1.92051772e-02 4.45897967e-01 -3.00641507e-02
      4.49895740e-01 -3.01794782e-02 4.62994248e-01 -2.72742957e-02
      4.64475304e-01 -2.49244496e-02</contour2d>
    <histogram type_id="opencv-matrix">
      <rows>20</rows>
      <cols>1</cols>
      <dt>f</dt>
      <data>
        1.94017783e-01 8.40743706e-02 1.08326599e-01 6.30557835e-02
        4.04203730e-03 0. 0. 0. 5.65885194e-03 4.20371853e-02
        1.56831041e-01 1.50363788e-01 8.08407459e-03 4.04203730e-03
        2.42522219e-03 2.42522219e-03 5.65885194e-03 1.13177039e-02
        1.57639444e-01 0.</data></histogram></_>
  <_><id>5</id>
    <height>5.0045967102050781e-02</height>
    <contour2d>
      4.82165933e-01 4.57258299e-02 4.65186745e-01 5.20057492e-02
      4.62488770e-01 5.18803746e-02 4.22349066e-01 2.52517927e-02
      4.20918643e-01 2.18545739e-02 4.20140952e-01 1.71520952e-02
      4.20256406e-01 -8.30827281e-03 4.20511842e-01 -1.16640041e-02
      4.21044111e-01 -1.28017617e-02 4.22202855e-01 -1.39323110e-02
      4.46784735e-01 -3.14447023e-02 4.49333817e-01 -3.25768366e-02
      4.51018691e-01 -3.25666294e-02 4.54929978e-01 -3.15311961e-02
      4.89865899e-01 -1.11871958e-02 4.97839183e-01 4.26152069e-03
      4.96283680e-01 1.14699090e-02 4.83616203e-01 4.34130542e-02</contour2d>
    <histogram type_id="opencv-matrix">
      <rows>20</rows>
      <cols>1</cols>
      <dt>f</dt>
      <data>
        1.74277723e-01 8.29450190e-02 1.17427774e-01 8.38769823e-02
        1.21155642e-02 0. 0. 0. 0. 1.02516310e-02 1.77073628e-01
        1.27679408e-01 9.31966491e-03 3.72786587e-03 3.72786587e-03
        5.59179857e-03 4.65983246e-03 1.67753957e-02 1.70549870e-01 0.</data></histogram></_>
  <_><id>6</id>
    <height>4.9887299537658691e-02</height>
    <contour2d>
      4.92594928e-01 5.44470400e-02 4.90233213e-01 5.55721670e-02
      4.55212116e-01 6.99733272e-02 4.52882499e-01 6.98696971e-02
      4.36580509e-01 6.19340055e-02 4.35356379e-01 6.07375205e-02
      4.26107824e-01 1.29799843e-02 4.27380353e-01 9.62067023e-03
      4.30066288e-01 6.17990270e-03 4.48061883e-01 -1.19827697e-02
      4.51005995e-01 -1.43236816e-02 4.55103904e-01 -1.43805696e-02
      4.80464637e-01 -9.97534581e-03 4.84998941e-01 -7.61201559e-03
      4.85928655e-01 -6.43161731e-03 4.97917593e-01 3.99790481e-02
      4.94575024e-01 4.96795326e-02</contour2d>
    <histogram type_id="opencv-matrix">
      <rows>20</rows>
      <cols>1</cols>
      <dt>f</dt>
      <data>
        1.86001927e-01 4.21860032e-02 1.52444869e-01 1.27516776e-01
        2.30105463e-02 0. 0. 0. 3.83509113e-03 1.15052732e-02
        1.33269414e-01 7.86193684e-02 1.34228189e-02 2.87631829e-03
        2.87631829e-03 9.58772784e-04 9.58772749e-03 7.67018227e-03
        2.04218596e-01 0.</data></histogram></_>
  <_><id>7</id>
    <height>4.9914419651031494e-02</height>
    <contour2d>
      4.91157293e-01 1.37236174e-02 4.92619991e-01 1.72700044e-02
      4.93480295e-01 2.44446378e-02 4.88337427e-01 5.72615303e-02
      4.85999048e-01 6.42556697e-02 4.78106439e-01 7.49388710e-02
      4.76748526e-01 7.62178153e-02 4.34077084e-01 7.53931701e-02
      4.31468487e-01 7.29423910e-02 4.21049863e-01 6.10026866e-02
      4.20862079e-01 5.87314740e-02 4.31448519e-01 1.07924622e-02
      4.33809578e-01 8.54791701e-03 4.37986135e-01 6.22987840e-03
      4.60665971e-01 -2.84375064e-03 4.65029597e-01 -2.84943613e-03
      4.67910707e-01 -1.69047026e-03</contour2d>
    <histogram type_id="opencv-matrix">
      <rows>20</rows>
      <cols>1</cols>
      <dt>f</dt>
      <data>
        1.98905110e-01 2.09854022e-02 1.54197082e-01 1.49635032e-01
        2.28102189e-02 0. 0. 9.12408752e-04 1.36861317e-02
        1.64233577e-02 1.10401459e-01 6.75182492e-02 1.09489048e-02 0.
        5.47445239e-03 0. 2.73722620e-03 2.73722620e-03 2.22627729e-01
        0.</data></histogram></_>
  <_><id>8</id>
    <height>4.9979805946350098e-02</height>
    <contour2d>
