<?xml version="1.0"?>
<opencv_storage>
<obj>
  <_><id>1</id>
    <height>1.8781977891921997e-01</height>
    <contour2d>
      4.67403740e-01 -1.31039671e-03 4.34467256e-01 5.62795922e-02
      4.31963623e-01 5.83715476e-02 4.23103720e-01 6.10105917e-02
      4.16203171e-01 6.26872778e-02 4.09303725e-01 6.32332787e-02
      3.91492248e-01 6.34088293e-02 3.87852699e-01 6.20874539e-02
      3.85996878e-01 6.09729439e-02 3.83434236e-01 5.86340502e-02
      3.81371111e-01 5.64075597e-02 3.65188569e-01 3.43621746e-02
      3.61773640e-01 2.89794803e-02 3.59381467e-01 2.47004926e-02
      3.58293056e-01 2.15316322e-02 3.57944518e-01 1.94097292e-02
      3.57798398e-01 1.62616223e-02 3.58302176e-01 1.21028358e-02
      3.60684723e-01 8.98548495e-03 3.68101865e-01 1.64053775e-03
      3.70638996e-01 -4.75699082e-04 3.75458479e-01 -3.67834163e-03
      3.79081666e-01 -5.83526585e-03 3.85790348e-01 -9.10212845e-03
      3.91751677e-01 -1.13251302e-02 3.95373911e-01 -1.24547957e-02
      3.99991363e-01 -1.35979950e-02 4.06595707e-01 -1.48036703e-02
      4.23617691e-01 -1.59642361e-02 4.32002127e-01 -1.61371287e-02
      4.37374234e-01 -1.51134180e-02 4.51520056e-01 -1.10924933e-02</contour2d>
    <histogram type_id="opencv-matrix">
      <rows>20</rows>
      <cols>1</cols>
      <dt>f</dt>
      <data>
        2.36998014e-02 0. 3.52205373e-02 2.63331132e-03 0.
        3.29163915e-04 3.29163915e-04 3.29163915e-04 6.58327830e-04
        1.15207369e-02 6.66886091e-01 6.35286346e-02 3.29163915e-04
        3.29163915e-04 0. 0. 1.31665566e-03 2.50164568e-02
        1.65569454e-01 2.30414746e-03</data></histogram></_>
  <_><id>2</id>
    <height>1.2781929969787598e-01</height>
    <contour2d>
      4.15998220e-01 2.20770352e-02 4.01655495e-01 8.20169598e-02
      4.01171863e-01 8.32761452e-02 3.96708697e-01 8.39615092e-02
      3.95614415e-01 8.38682726e-02 3.64549994e-01 7.38299564e-02
      3.61503512e-01 7.21623600e-02 3.56106222e-01 6.84695318e-02
      3.52006614e-01 6.51540086e-02 3.48880857e-01 6.23035394e-02
      3.43786865e-01 5.70976436e-02 3.39358658e-01 5.18701300e-02
      3.35184604e-01 4.55256738e-02 3.33926111e-01 4.33959216e-02
      3.33110362e-01 4.13531698e-02 3.32771063e-01 3.62008661e-02
      3.33139509e-01 3.21792401e-02 3.40428591e-01 4.67541814e-03
      3.41744989e-01 5.67743962e-04 3.42916310e-01 -2.52436800e-03
      3.45012903e-01 -6.66156691e-03 3.48367900e-01 -1.08346408e-02
      3.51412296e-01 -1.29401684e-02 3.53842199e-01 -1.40244262e-02
      3.59432817e-01 -1.41072106e-02 3.66380572e-01 -1.31177222e-02
      3.69343758e-01 -1.20486477e-02 3.93973619e-01 4.54431027e-03
      3.98112804e-01 7.56535307e-03</contour2d>
    <histogram type_id="opencv-matrix">
      <rows>20</rows>
      <cols>1</cols>
      <dt>f</dt>
      <data>
        5.25328331e-03 0. 7.50469044e-04 3.75234522e-04 0. 0. 0. 0. 0.
        7.12945592e-03 7.64727950e-01 7.46716708e-02 7.50469044e-04 0.
        0. 0. 1.12570357e-03 7.12945592e-03 1.34709194e-01
        3.37711070e-03</data></histogram></_>
  <_><id>3</id>
    <height>1.6742497682571411e-01</height>
    <contour2d>
      4.54843581e-01 1.74008776e-02 4.39412713e-01 2.92390790e-02
      4.29197937e-01 3.58411409e-02 4.26524371e-01 3.58074568e-02
      3.93593222e-01 2.56153829e-02 3.91030252e-01 2.44548582e-02
      3.89563411e-01 2.33202428e-02 3.87604862e-01 2.11365465e-02
      3.85208488e-01 1.78489033e-02 3.81359756e-01 1.13251163e-02
      3.79152358e-01 7.01846788e-03 3.76918256e-01 1.65869342e-03
      3.74557376e-01 -5.81042143e-03 3.73426586e-01 -1.11303544e-02
      3.72862458e-01 -1.74853336e-02 3.72872114e-01 -1.85490269e-02
      3.73260528e-01 -2.07048897e-02 3.74227524e-01 -2.28452738e-02
      3.76744956e-01 -2.71899663e-02 3.94656718e-01 -4.94663715e-02
      4.00036037e-01 -5.51153272e-02 4.03103590e-01 -5.75602092e-02
      4.05068934e-01 -5.87054379e-02 4.08443302e-01 -6.01290800e-02
      4.10976946e-01 -6.03740066e-02 4.21491653e-01 -5.82428873e-02
      4.39925104e-01 -4.70795929e-02 4.50803161e-01 -1.52404914e-02
      4.55040902e-01 6.41416991e-03</contour2d>
    <histogram type_id="opencv-matrix">
      <rows>20</rows>
      <cols>1</cols>
      <dt>f</dt>
      <data>
        1.20812738e-02 0. 0. 0. 0. 0. 0. 0. 0. 1.09829763e-02
        7.54805088e-01 1.06260300e-01 5.21691376e-03 0. 0.
        2.74574413e-04 1.64744654e-03 1.04338275e-02 9.80230644e-02
        2.74574413e-04</data></histogram></_>
  <_><id>4</id>
    <height>1.9966965913772583e-01</height>
    <contour2d>
      4.89867568e-01 -8.80023688e-02 4.94547635e-01 -8.59133750e-02
      4.96593297e-01 -8.22753906e-02 5.02236128e-01 -6.50786310e-02
      5.00540435e-01 -5.76585568e-02 4.87842798e-01 -5.81781007e-03
      4.74228114e-01 3.70749421e-02 4.66529667e-01 5.06433621e-02
      4.62238610e-01 5.41715659e-02 4.59508598e-01 5.51949292e-02
      4.48817074e-01 5.81032783e-02 4.41939175e-01 5.88404126e-02
      4.28613544e-01 5.80590367e-02 4.26977158e-01 5.68006560e-02
      4.23658729e-01 5.33171035e-02 3.99673492e-01 2.03017220e-02
      3.98386300e-01 1.80867184e-02 3.97092909e-01 1.47864753e-02
      3.96068752e-01 9.32542980e-03 3.96453679e-01 6.04427652e-03
      3.98347437e-01 -2.61460338e-03 4.04301256e-01 -1.79895237e-02
      4.05797064e-01 -2.00971831e-02 4.21630919e-01 -3.72512899e-02
      4.71911311e-01 -8.71764496e-02 4.74268883e-01 -8.86428803e-02
      4.80659842e-01 -8.94813538e-02 4.86230195e-01 -8.93583745e-02</contour2d>
    <histogram type_id="opencv-matrix">
      <rows>20</rows>
      <cols>1</cols>
      <dt>f</dt>
      <data>
        1.13624685e-01 0. 9.51156858e-03 1.02827768e-03 2.57069420e-04
        0. 0. 0. 2.57069420e-04 5.65552711e-03 7.22365081e-01
        6.24678694e-02 5.14138839e-04 2.57069420e-04 0. 2.57069420e-04
        1.02827768e-03 8.99743009e-03 7.37789199e-02 0.</data></histogram></_>
  <_><id>5</id>
    <height>2.0709830522537231e-01</height>
    <contour2d>
      5.03982544e-01 -3.67119871e-02 5.04799008e-01 -1.07934102e-02
      4.85628128e-01 2.40477845e-02 4.42544818e-01 5.42287752e-02
      4.39363241e-01 5.41480742e-02 4.33868557e-01 5.27026206e-02
      4.26172137e-01 5.00705242e-02 4.18374747e-01 4.63295914e-02
      4.10865873e-01 4.15635332e-02 4.03233945e-01 3.46422717e-02
      4.01988626e-01 3.24046127e-02 4.00835514e-01 2.90862527e-02
      4.00360495e-01 2.46650018e-02 3.99711430e-01 -8.15214682e-03
      4.00343895e-01 -1.36142159e-02 4.00990337e-01 -1.69318505e-02
      4.02157664e-01 -2.02407818e-02 4.03417289e-01 -2.24649794e-02
      4.06164527e-01 -2.65723877e-02 4.07926500e-01 -2.87516993e-02
      4.30024415e-01 -5.20205349e-02 4.37680632e-01 -5.29029109e-02
      4.85089689e-01 -4.73724939e-02 4.91907597e-01 -4.51252870e-02
      4.95374262e-01 -4.35259752e-02 5.00994205e-01 -3.92810218e-02</contour2d>
    <histogram type_id="opencv-matrix">
      <rows>20</rows>
      <cols>1</cols>
      <dt>f</dt>
      <data>
        1.22094452e-01 0. 0. 0. 0. 0. 0. 0. 0. 9.29777417e-03
        6.69929087e-01 8.12331811e-02 2.93613924e-03 4.89356520e-04 0.
        2.44678260e-04 1.22339127e-03 5.38292155e-03 1.07169077e-01 0.</data></histogram></_>
  <_><id>6</id>
    <height>2.0733940601348877e-01</height>
    <contour2d>
      5.07057190e-01 1.26857609e-02 5.03316164e-01 2.01706532e-02
      4.96379375e-01 2.85161808e-02 4.91657972e-01 3.25274356e-02
      4.61039215e-01 4.22145799e-02 4.58097339e-01 4.21557762e-02
      4.17837530e-01 3.95721272e-02 4.13303465e-01 3.72204892e-02
      4.09664750e-01 3.26731913e-02 4.05939221e-01 2.70444229e-02
      4.03479934e-01 2.25831587e-02 4.00978893e-01 1.70443058e-02
      3.99746001e-01 1.37390113e-02 3.98365587e-01 9.34403855e-03
      3.97269309e-01 4.96928440e-03 3.96470815e-01 -3.75474570e-03
      3.97102594e-01 -7.03630131e-03 3.99392366e-01 -1.14232749e-02
      4.00908381e-01 -1.36400415e-02 4.18518037e-01 -3.61955315e-02
      4.23977375e-01 -4.19151671e-02 4.26940203e-01 -4.43190448e-02
