<?xml version="1.0"?>
<opencv_storage>
<obj>
  <_><id>1</id>
    <height>1.3785600662231445e-02</height>
    <contour2d>
      5.44352889e-01 3.18710692e-03 5.40332377e-01 6.93233311e-03
      5.36146760e-01 8.15744419e-03 5.31225681e-01 8.13806057e-03
      5.28037786e-01 6.87585259e-03 5.26061833e-01 5.62398275e-03
      5.23312151e-01 3.14675178e-03 5.21418512e-01 6.78886077e-04
      5.20116150e-01 -1.78057584e-03 5.18716931e-01 -6.69137575e-03
      5.18692613e-01 -7.91907590e-03 5.19351721e-01 -1.28221149e-02
      5.20191312e-01 -1.53073007e-02 5.21515667e-01 -1.77819729e-02
      5.24925947e-01 -2.15498265e-02 5.26533306e-01 -2.28193514e-02
      5.29363334e-01 -2.41066944e-02 5.35645485e-01 -2.54874304e-02
      5.37647545e-01 -2.55476851e-02 5.44142187e-01 -2.18303241e-02
      5.45764208e-01 -2.06090473e-02 5.47626138e-01 -3.06009199e-03</contour2d>
    <histogram type_id="opencv-matrix">
      <rows>20</rows>
      <cols>1</cols>
      <dt>f</dt>
      <data>
        1. 0. 0. 0. 0. 0. 0. 0. 0. 0. 0. 0. 0. 0. 0. 0. 0. 0. 0. 0.</data></histogram></_>
  <_><id>2</id>
    <height>1.3910710811614990e-02</height>
    <contour2d>
      5.42609036e-01 2.18352322e-02 5.41047573e-01 2.55331881e-02
      5.37156940e-01 3.17452811e-02 5.29668093e-01 3.54163349e-02
      5.23193419e-01 3.39667872e-02 5.19347787e-01 3.13570015e-02
      5.16610324e-01 2.88457908e-02 5.15601099e-01 2.76176669e-02
      5.13801932e-01 2.38949098e-02 5.13512850e-01 2.26568207e-02
      5.13268828e-01 2.02022456e-02 5.13249278e-01 1.65397935e-02
      5.13839126e-01 1.28968135e-02 5.15512645e-01 9.24611185e-03
      5.18594623e-01 5.58864372e-03 5.20142198e-01 4.36696969e-03
      5.22659242e-01 3.14186304e-03 5.25880635e-01 1.91645755e-03
      5.32926977e-01 1.92636508e-03 5.38138688e-01 4.42263298e-03
      5.40987611e-01 1.06231077e-02 5.42461097e-01 1.43661005e-02</contour2d>
    <histogram type_id="opencv-matrix">
      <rows>20</rows>
      <cols>1</cols>
      <dt>f</dt>
      <data>
        9.79166687e-01 1.85185187e-02 0. 0. 0. 0. 0. 0. 0. 0. 0. 0. 0.
        0. 0. 0. 0. 0. 0. 2.31481483e-03</data></histogram></_>
  <_><id>3</id>
    <height>1.3792634010314941e-02</height>
    <contour2d>
      5.27852654e-01 4.37129438e-02 5.18017828e-01 5.21732904e-02
      5.12461722e-01 5.19558638e-02 5.08688629e-01 5.05033918e-02
      5.06138980e-01 4.92091961e-02 5.03300488e-01 4.66729552e-02
      5.01532495e-01 4.41608466e-02 5.00242889e-01 4.17084694e-02
      4.99885410e-01 4.04649079e-02 4.99519974e-01 3.80177870e-02
      4.99347746e-01 3.43880393e-02 5.00185430e-01 2.96328422e-02
      5.01468122e-01 2.72419751e-02 5.03001273e-01 2.48624831e-02
      5.05510151e-01 2.24772356e-02 5.07029235e-01 2.12956704e-02
      5.09009540e-01 2.01334096e-02 5.12142837e-01 1.89739279e-02
      5.19046783e-01 1.90713238e-02 5.22882700e-01 2.15236265e-02
      5.25516808e-01 2.51877606e-02 5.27262032e-01 3.00776884e-02</contour2d>
    <histogram type_id="opencv-matrix">
      <rows>20</rows>
      <cols>1</cols>
      <dt>f</dt>
      <data>
        9.72912014e-01 2.70880368e-02 0. 0. 0. 0. 0. 0. 0. 0. 0. 0. 0.
        0. 0. 0. 0. 0. 0. 0.</data></histogram></_>
  <_><id>4</id>
    <height>1.3881623744964600e-02</height>
    <contour2d>
      5.12145579e-01 4.78091016e-02 5.08763492e-01 5.74027859e-02
      5.05889237e-01 6.10186197e-02 5.01324773e-01 6.33084550e-02
      4.93855447e-01 6.30171970e-02 4.91017818e-01 6.16657063e-02
      4.87768590e-01 5.90623207e-02 4.85286325e-01 5.65874577e-02
      4.83910650e-01 5.41443899e-02 4.82671052e-01 5.05374111e-02
      4.82395917e-01 4.81271744e-02 4.82369006e-01 4.57502976e-02
      4.82525617e-01 4.45819497e-02 4.83917028e-01 3.98813561e-02
      4.85403419e-01 3.75585556e-02 4.88537878e-01 3.40996310e-02
      4.92522568e-01 3.18071581e-02 4.95330811e-01 3.06820348e-02
      5.04853845e-01 3.09809837e-02 5.11190176e-01 3.82267050e-02</contour2d>
    <histogram type_id="opencv-matrix">
      <rows>20</rows>
      <cols>1</cols>
      <dt>f</dt>
      <data>
        9.61944997e-01 3.80549692e-02 0. 0. 0. 0. 0. 0. 0. 0. 0. 0. 0.
        0. 0. 0. 0. 0. 0. 0.</data></histogram></_>
  <_><id>5</id>
    <height>1.0476112365722656e-02</height>
    <contour2d>
      4.77903247e-01 -3.35267894e-02 4.79036063e-01 -3.11871376e-02
      4.78819728e-01 -1.93842538e-02 4.76220757e-01 -1.34979328e-02
      4.75424320e-01 -1.23231020e-02 4.69181031e-01 -9.89542250e-03
      4.61295545e-01 -9.83016752e-03 4.58437473e-01 -1.09618381e-02
      4.54303771e-01 -1.43848360e-02 4.52738166e-01 -1.66645199e-02
      4.51556057e-01 -1.89561527e-02 4.50316697e-01 -2.23918669e-02
      4.50288475e-01 -2.58438140e-02 4.51610237e-01 -3.16381752e-02
      4.52869445e-01 -3.39780375e-02 4.54439580e-01 -3.63545455e-02
      4.55823511e-01 -3.75614502e-02 4.61092651e-01 -4.00601774e-02
      4.69471991e-01 -4.03810292e-02 4.71770406e-01 -3.92579585e-02</contour2d>
    <histogram type_id="opencv-matrix">
      <rows>20</rows>
      <cols>1</cols>
      <dt>f</dt>
      <data>
        1. 0. 0. 0. 0. 0. 0. 0. 0. 0. 0. 0. 0. 0. 0. 0. 0. 0. 0. 0.</data></histogram></_>
  <_><id>6</id>
    <height>1.0290324687957764e-02</height>
    <contour2d>
      4.72016752e-01 -5.22437971e-03 4.70732808e-01 -4.04589856e-03
      4.64914083e-01 -1.68927142e-03 4.57189262e-01 -1.67866528e-03
      4.54388469e-01 -2.82983016e-03 4.52716023e-01 -3.97696439e-03
      4.49985206e-01 -6.26693200e-03 4.48929399e-01 -7.41387764e-03
      4.47550923e-01 -9.69992299e-03 4.46177989e-01 -1.42728435e-02
      4.46018338e-01 -1.65582784e-02 4.46052551e-01 -1.88522246e-02
      4.46247011e-01 -2.00097002e-02 4.47541028e-01 -2.34770346e-02
      4.48791921e-01 -2.57994663e-02 4.52446222e-01 -2.93272715e-02
      4.55740184e-01 -3.17660719e-02 4.65154052e-01 -3.20373103e-02
      4.67521697e-01 -3.09158135e-02 4.73408788e-01 -2.51600891e-02
      4.74285007e-01 -2.28113532e-02 4.74789798e-01 -1.10971630e-02</contour2d>
    <histogram type_id="opencv-matrix">
      <rows>20</rows>
      <cols>1</cols>
      <dt>f</dt>
      <data>
        1. 0. 0. 0. 0. 0. 0. 0. 0. 0. 0. 0. 0. 0. 0. 0. 0. 0. 0. 0.</data></histogram></_>
  <_><id>7</id>
    <height>1.2907981872558594e-02</height>
    <contour2d>
      4.61442649e-01 -3.63300741e-02 4.62530762e-01 -3.05695031e-02
      4.59385157e-01 -2.01428775e-02 4.56421047e-01 -1.66677479e-02
      4.53962475e-01 -1.43708615e-02 4.43464190e-01 -1.42345093e-02
      4.40826088e-01 -1.53395822e-02 4.39200729e-01 -1.64444391e-02
      4.36626583e-01 -1.86764989e-02 4.34074432e-01 -2.20314674e-02
      4.32723194e-01 -2.53942199e-02 4.32333231e-01 -2.76239794e-02
      4.32272702e-01 -2.98782624e-02 4.32626188e-01 -3.44338790e-02
      4.34119284e-01 -3.78959998e-02 4.35485601e-01 -4.02198136e-02
      4.37810540e-01 -4.25585397e-02 4.40688729e-01 -4.49775532e-02
      4.43483740e-01 -4.62546647e-02 4.52664256e-01 -4.66426015e-02
      4.54909682e-01 -4.55462262e-02 4.60293293e-01 -3.86141352e-02</contour2d>
    <histogram type_id="opencv-matrix">
      <rows>20</rows>
      <cols>1</cols>
      <dt>f</dt>
      <data>
        9.94661927e-01 5.33807836e-03 0. 0. 0. 0. 0. 0. 0. 0. 0. 0. 0.
        0. 0. 0. 0. 0. 0. 0.</data></histogram></_>
  <_><id>8</id>
    <height>1.1604070663452148e-02</height>
    <contour2d>
      4.59449738e-01 -6.30679121e-03 4.58646923e-01 -5.15071722e-03
      4.56005186e-01 -2.82825413e-03 4.51270401e-01 -5.16184547e-04
      4.43480343e-01 -5.12623286e-04 4.40815061e-01 -1.65190699e-03
      4.37715232e-01 -3.91775323e-03 4.35224026e-01 -6.17683213e-03
      4.32737589e-01 -1.06886970e-02 4.32338476e-01 -1.29355928e-02
      4.32147980e-01 -1.74451470e-02 4.32745516e-01 -2.20020153e-02
      4.33947235e-01 -2.42877603e-02 4.35468018e-01 -2.66032014e-02
      4.37746376e-01 -2.89155208e-02 4.40845549e-01 -3.13101672e-02
      4.44813579e-01 -3.25734578e-02 4.48802590e-01 -3.26961316e-02
