<?xml version="1.0"?>
<opencv_storage>
<obj>
  <_><id>1</id>
    <height>4.0324449539184570e-02</height>
    <contour2d>
      4.87080902e-01 -2.66695078e-02 4.85428423e-01 -2.09409725e-02
      4.84000921e-01 -1.75109003e-02 4.81172144e-01 -1.29408315e-02
      4.77107376e-01 -8.38779192e-03 4.75838810e-01 -7.25414464e-03
      4.71300483e-01 -4.97861346e-03 4.66023207e-01 -2.72689830e-03
      4.59504157e-01 -1.60342688e-03 4.55770820e-01 -1.59831007e-03
      4.51294720e-01 -2.68735667e-03 4.47912157e-01 -3.77620291e-03
      4.43740666e-01 -5.93853183e-03 4.39571321e-01 -9.16468631e-03
      4.37253296e-01 -1.13133434e-02 4.34454381e-01 -1.55926514e-02
      4.33298349e-01 -1.77343749e-02 4.31976974e-01 -2.09385864e-02
      4.30702597e-01 -2.62871366e-02 4.30457294e-01 -2.84162704e-02
      4.30567861e-01 -3.27249058e-02 4.31115508e-01 -3.60092483e-02
      4.32011843e-01 -3.92452329e-02 4.33317989e-01 -4.25349586e-02
      4.35811341e-01 -4.69612852e-02 4.37941283e-01 -4.91870455e-02
      4.41817015e-01 -5.26406877e-02 4.43436980e-01 -5.38487397e-02
      4.47897404e-01 -5.63370772e-02 4.51546967e-01 -5.76098673e-02
      4.61821824e-01 -5.81592396e-02 4.65738356e-01 -5.72571270e-02
      4.71489489e-01 -5.53713441e-02 4.78064150e-01 -5.00644781e-02
      4.80868310e-01 -4.68141548e-02 4.83875453e-01 -4.24341559e-02
      4.85400796e-01 -3.90999280e-02 4.86657023e-01 -3.11845578e-02</contour2d>
    <histogram type_id="opencv-matrix">
      <rows>20</rows>
      <cols>1</cols>
      <dt>f</dt>
      <data>
        4.75086898e-01 5.24913073e-01 0. 0. 0. 0. 0. 0. 0. 0. 0. 0. 0.
        0. 0. 0. 0. 0. 0. 0.</data></histogram></_>
  <_><id>2</id>
    <height>4.0355205535888672e-02</height>
    <contour2d>
      4.89774734e-01 -2.78725587e-02 4.89505857e-01 -1.30427051e-02
      4.88320529e-01 -8.47917702e-03 4.85354245e-01 -3.91344866e-03
      4.82571870e-01 -5.07408986e-04 4.76869583e-01 3.99718201e-03
      4.68722999e-01 7.31631694e-03 4.54416990e-01 7.22011458e-03
      4.51582730e-01 6.09871373e-03 4.49391812e-01 4.99340147e-03
      4.47581470e-01 3.88563192e-03 4.44654375e-01 1.69156143e-03
      4.42241907e-01 -4.87755460e-04 4.40198064e-01 -2.66088941e-03
      4.38645631e-01 -4.82443906e-03 4.37363684e-01 -6.98450301e-03
      4.36039090e-01 -1.02193337e-02 4.34831113e-01 -1.45299388e-02
      4.34508622e-01 -1.66745689e-02 4.34342831e-01 -1.88238993e-02
      4.34451729e-01 -2.42260043e-02 4.34840471e-01 -2.64152978e-02
      4.35880095e-01 -2.96738520e-02 4.37302768e-01 -3.29738297e-02
      4.40043986e-01 -3.74214835e-02 4.42994177e-01 -4.08301950e-02
      4.47495222e-01 -4.42403071e-02 4.52551246e-01 -4.66450192e-02
      4.56767946e-01 -4.79653366e-02 4.65985268e-01 -4.83868420e-02
      4.70083922e-01 -4.74646389e-02 4.72661495e-01 -4.64501716e-02
      4.76855963e-01 -4.43940721e-02 4.82592285e-01 -4.01261002e-02
      4.85482752e-01 -3.68377604e-02</contour2d>
    <histogram type_id="opencv-matrix">
      <rows>20</rows>
      <cols>1</cols>
      <dt>f</dt>
      <data>
        4.75102514e-01 5.24897456e-01 0. 0. 0. 0. 0. 0. 0. 0. 0. 0. 0.
        0. 0. 0. 0. 0. 0. 0.</data></histogram></_>
  <_><id>3</id>
    <height>4.0306389331817627e-02</height>
    <contour2d>
      4.91265357e-01 1.20482529e-02 4.88080561e-01 1.88309979e-02
      4.85259831e-01 2.33185254e-02 4.82694268e-01 2.66671013e-02
      4.79870081e-01 2.88512986e-02 4.75429237e-01 3.09610572e-02
      4.70016807e-01 3.30383815e-02 4.66537863e-01 3.40765715e-02
      4.60088879e-01 3.38792950e-02 4.54756707e-01 3.25983129e-02
      4.51750189e-01 3.13802473e-02 4.47729945e-01 2.90609933e-02
      4.44722086e-01 2.67707184e-02 4.42397535e-01 2.45453920e-02
      4.40050066e-01 2.12397035e-02 4.38724637e-01 1.90401264e-02
      4.37225580e-01 1.57551095e-02 4.35766637e-01 1.03226490e-02
      4.35479671e-01 7.07438495e-03 4.35524523e-01 3.83553840e-03
      4.36050624e-01 -4.84954129e-04 4.37396675e-01 -4.81868489e-03
      4.38357800e-01 -6.98752981e-03 4.40121979e-01 -1.02662258e-02
      4.40873146e-01 -1.13494275e-02 4.43806559e-01 -1.46610932e-02
      4.46406424e-01 -1.68852676e-02 4.48007405e-01 -1.80171505e-02
      4.52329636e-01 -2.02594791e-02 4.55224216e-01 -2.14290339e-02
      4.59577799e-01 -2.26428322e-02 4.64803040e-01 -2.27531698e-02
      4.69814479e-01 -2.17307378e-02 4.78338242e-01 -1.85401980e-02
      4.82381374e-01 -1.52145391e-02 4.85070348e-01 -1.18489377e-02
      4.89577949e-01 -5.06873662e-03 4.90955293e-01 -5.11425547e-04</contour2d>
    <histogram type_id="opencv-matrix">
      <rows>20</rows>
      <cols>1</cols>
      <dt>f</dt>
      <data>
        4.75160718e-01 5.24254799e-01 0. 0. 0. 0. 0. 0. 0. 0. 0. 0. 0.
        0. 0. 0. 0. 0. 0. 5.84453519e-04</data></histogram></_>
  <_><id>4</id>
    <height>4.0353477001190186e-02</height>
    <contour2d>
      4.79725122e-01 2.09392868e-02 4.79532927e-01 3.67224105e-02
      4.76829410e-01 4.33826298e-02 4.75464821e-01 4.55741808e-02
      4.72713441e-01 4.88150306e-02 4.64687169e-01 5.51200733e-02
      4.61926222e-01 5.60734794e-02 4.57683265e-01 5.69202714e-02
      4.51646119e-01 5.77409305e-02 4.50317174e-01 5.76632321e-02
      4.43551332e-01 5.61591685e-02 4.40694273e-01 5.48829250e-02
      4.38379109e-01 5.36989383e-02 4.35020119e-01 5.14058247e-02
      4.33747500e-01 5.02601005e-02 4.29692626e-01 4.57290970e-02
      4.28268194e-01 4.35018577e-02 4.26023871e-01 3.91425565e-02
      4.24741358e-01 3.37416008e-02 4.24390703e-01 2.94318497e-02
      4.24443990e-01 2.72998754e-02 4.24714893e-01 2.51842178e-02
      4.25602794e-01 2.09101848e-02 4.27150637e-01 1.66687239e-02
      4.28468287e-01 1.45464102e-02 4.30761963e-01 1.13473646e-02
      4.32830453e-01 9.20724496e-03 4.35324103e-01 7.07107829e-03
      4.39736933e-01 3.85470525e-03 4.42310542e-01 2.77652498e-03
      4.45981085e-01 1.69390370e-03 4.58791643e-01 1.71443983e-03
      4.67024744e-01 5.07144351e-03 4.72334087e-01 9.57531668e-03
      4.75102484e-01 1.29697463e-02 4.78051841e-01 1.75163485e-02</contour2d>
    <histogram type_id="opencv-matrix">
      <rows>20</rows>
      <cols>1</cols>
      <dt>f</dt>
      <data>
        4.83459085e-01 5.16540945e-01 0. 0. 0. 0. 0. 0. 0. 0. 0. 0. 0.
        0. 0. 0. 0. 0. 0. 0.</data></histogram></_>
  <_><id>5</id>
    <height>4.0417850017547607e-02</height>
    <contour2d>
      4.46761429e-01 4.75339293e-02 4.46631819e-01 6.16995133e-02
      4.44083542e-01 6.80783987e-02 4.41619337e-01 7.22699463e-02
      4.37688708e-01 7.62995780e-02 4.34047401e-01 7.92807937e-02
      4.30228531e-01 8.11180547e-02 4.27577198e-01 8.19471776e-02
      4.19328839e-01 8.34610015e-02 4.15557086e-01 8.31221640e-02
      4.09307420e-01 8.15041885e-02 4.04591441e-01 7.90295899e-02
      4.01401252e-01 7.67493397e-02 3.98938030e-01 7.44540617e-02
      3.95571709e-01 7.00713024e-02 3.94224793e-01 6.78722262e-02
      3.92879903e-01 6.46470115e-02 3.91595423e-01 5.93817979e-02
      3.91327322e-01 5.41724041e-02 3.91505033e-01 5.11112958e-02
      3.92929405e-01 4.50180285e-02 3.93731713e-01 4.29495722e-02
      3.94840807e-01 4.09242250e-02 3.97644222e-01 3.69334854e-02
      4.00593907e-01 3.38746868e-02 4.03059632e-01 3.18820849e-02
      4.05901521e-01 2.99140979e-02 4.07947659e-01 2.89047137e-02
      4.10466254e-01 2.79350467e-02 4.14178044e-01 2.69903671e-02
      4.26401138e-01 2.73238048e-02 4.30462658e-01 2.85279918e-02
      4.33599949e-01 3.07337753e-02 4.42978233e-01 3.86638939e-02</contour2d>
    <histogram type_id="opencv-matrix">
      <rows>20</rows>
      <cols>1</cols>
      <dt>f</dt>
      <data>
        4.97484624e-01 5.02515376e-01 0. 0. 0. 0. 0. 0. 0. 0. 0. 0. 0.
        0. 0. 0. 0. 0. 0. 0.</data></histogram></_>
  <_><id>6</id>
    <height>4.0462553501129150e-02</height>
    <contour2d>
      4.13424611e-01 5.85379750e-02 4.12227362e-01 6.37302548e-02
      4.11086351e-01 6.68191537e-02 4.08503085e-01 7.08080754e-02
