<?xml version="1.0"?>
<opencv_storage>
<obj>
  <_><id>1</id>
    <height>3.4963667392730713e-02</height>
    <contour2d>
      5.99166036e-01 -1.85208935e-02 6.02326572e-01 -9.55053419e-03
      6.01643562e-01 1.98714272e-03 5.97420692e-01 1.48160346e-02
      5.96143663e-01 1.74070168e-02 5.89952350e-01 2.25844178e-02
      5.86976051e-01 2.39232872e-02 5.80506682e-01 2.39028241e-02
      5.75178742e-01 2.25047972e-02 5.72094917e-01 2.11289749e-02
      5.69769561e-01 1.98385995e-02 5.67940056e-01 1.85298696e-02
      5.64921021e-01 1.59477685e-02 5.61681092e-01 1.21031236e-02
      5.60118377e-01 9.55698173e-03 5.58920264e-01 7.00751087e-03
      5.57981849e-01 4.48357081e-03 5.57336628e-01 1.95608451e-03
      5.56961119e-01 -5.65810187e-04 5.56792378e-01 -3.08919162e-03
      5.57156146e-01 -8.12519714e-03 5.58055043e-01 -1.19289309e-02
      5.58993876e-01 -1.44524453e-02 5.60273349e-01 -1.70248840e-02
      5.62800884e-01 -2.08474025e-02 5.65085471e-01 -2.34478191e-02
      5.68105459e-01 -2.60474067e-02 5.70061803e-01 -2.73773801e-02
      5.72422326e-01 -2.86758393e-02 5.75704753e-01 -3.00346166e-02
      5.88106513e-01 -3.01192887e-02 5.92843294e-01 -2.61962637e-02</contour2d>
    <histogram type_id="opencv-matrix">
      <rows>20</rows>
      <cols>1</cols>
      <dt>f</dt>
      <data>
        0. 0. 0. 0. 0. 0. 0. 0. 8.85739573e-04 7.97165651e-03
        9.89371121e-01 0. 0. 0. 0. 0. 0. 0. 1.77147915e-03 0.</data></histogram></_>
  <_><id>2</id>
    <height>3.4942865371704102e-02</height>
    <contour2d>
      5.50930917e-01 6.91906586e-02 5.60123742e-01 8.38548094e-02
      5.57632744e-01 1.04386218e-01 5.47932684e-01 1.16219617e-01
      5.42404890e-01 1.19975172e-01 5.36721885e-01 1.21232219e-01
      5.35282791e-01 1.21369176e-01 5.29214978e-01 1.19788066e-01
      5.26097596e-01 1.18226737e-01 5.24053633e-01 1.16967328e-01
      5.20562291e-01 1.14089318e-01 5.18282652e-01 1.11551113e-01
      5.17178178e-01 1.10039353e-01 5.15598178e-01 1.07445426e-01
      5.14399529e-01 1.04955368e-01 5.13528466e-01 1.02549739e-01
      5.12861848e-01 9.99614745e-02 5.12474000e-01 9.76733267e-02
      5.12235880e-01 9.39809456e-02 5.12312233e-01 9.15743038e-02
      5.12866855e-01 8.78534392e-02 5.13492107e-01 8.55618417e-02
      5.14400125e-01 8.31278488e-02 5.16163230e-01 7.96466023e-02
      5.17706275e-01 7.73267299e-02 5.20804763e-01 7.38871843e-02
      5.22113264e-01 7.27281049e-02 5.25192618e-01 7.04801306e-02
      5.27085304e-01 6.94081783e-02 5.29558003e-01 6.82687983e-02
      5.32728791e-01 6.72346354e-02 5.37304997e-01 6.64064139e-02
      5.41048110e-01 6.63848668e-02 5.42636991e-01 6.64782450e-02</contour2d>
    <histogram type_id="opencv-matrix">
      <rows>20</rows>
      <cols>1</cols>
      <dt>f</dt>
      <data>
        0. 0. 0. 0. 0. 0. 0. 0. 0. 0. 9.71675873e-01 0. 0. 0. 0. 0. 0.
        0. 2.67505907e-02 1.57356414e-03</data></histogram></_>
  <_><id>3</id>
    <height>3.4930765628814697e-02</height>
    <contour2d>
      5.59108138e-01 -2.91040726e-02 5.52423418e-01 -2.16159597e-02
      5.46888530e-01 -1.79110058e-02 5.43862760e-01 -1.67038646e-02
      5.38082063e-01 -1.66688059e-02 5.33141255e-01 -1.78242866e-02
      5.30165374e-01 -1.90115441e-02 5.27943909e-01 -2.01825090e-02
      5.26040316e-01 -2.14104839e-02 5.23131311e-01 -2.37545669e-02
      5.20784199e-01 -2.61702593e-02 5.18955827e-01 -2.85507012e-02
      5.16898632e-01 -3.21179144e-02 5.15846014e-01 -3.45381610e-02
      5.14762819e-01 -3.81681025e-02 5.14282167e-01 -4.05480750e-02
      5.14022410e-01 -4.29454595e-02 5.13954639e-01 -4.53609489e-02
      5.14105916e-01 -4.78011034e-02 5.14487803e-01 -5.02712019e-02
      5.15511751e-01 -5.39194159e-02 5.16584396e-01 -5.64920045e-02
      5.17910719e-01 -5.89775257e-02 5.20634830e-01 -6.27521649e-02
      5.23139656e-01 -6.52838051e-02 5.26678920e-01 -6.79874048e-02
      5.29448271e-01 -6.95082173e-02 5.32481015e-01 -7.07624704e-02
      5.43154478e-01 -7.07720518e-02 5.46192706e-01 -6.95626140e-02
      5.48080981e-01 -6.83237836e-02 5.50988734e-01 -6.58611581e-02
      5.55752695e-01 -6.10539392e-02 5.59507191e-01 -4.99291793e-02
      5.60525417e-01 -3.76690626e-02</contour2d>
    <histogram type_id="opencv-matrix">
      <rows>20</rows>
      <cols>1</cols>
      <dt>f</dt>
      <data>
        0. 0. 0. 0. 0. 0. 0. 0. 1.59872102e-03 4.47641872e-02
        9.53637064e-01 0. 0. 0. 0. 0. 0. 0. 0. 0.</data></histogram></_>
  <_><id>4</id>
    <height>3.4625530242919922e-02</height>
    <contour2d>
      4.70028073e-01 -1.07950736e-02 4.62772846e-01 -2.78967922e-03
      4.57431674e-01 6.28535170e-04 4.54170078e-01 1.76952686e-03
      4.47289586e-01 1.76629459e-03 4.42853391e-01 6.24675653e-04
      4.40067858e-01 -5.06322598e-04 4.37905610e-01 -1.63353584e-03
      4.36164230e-01 -2.75425124e-03 4.33347642e-01 -4.98815859e-03
      4.31111485e-01 -7.22027803e-03 4.29368585e-01 -9.43465251e-03
      4.27924633e-01 -1.16477273e-02 4.26753253e-01 -1.38645265e-02
      4.25130099e-01 -1.83264613e-02 4.24620390e-01 -2.05223002e-02
      4.24201190e-01 -2.38284469e-02 4.24143285e-01 -2.60456726e-02
      4.24370646e-01 -2.93987282e-02 4.24745798e-01 -3.16587016e-02
      4.25685316e-01 -3.50045636e-02 4.27748501e-01 -3.96020226e-02
      4.29224998e-01 -4.19135578e-02 4.30946469e-01 -4.41477075e-02
      4.33206648e-01 -4.64572012e-02 4.36222523e-01 -4.88835759e-02
      4.40609246e-01 -5.13988994e-02 4.43874627e-01 -5.26235737e-02
      4.54978466e-01 -5.28247878e-02 4.57506269e-01 -5.16664200e-02
      4.65469718e-01 -4.73450087e-02 4.68057096e-01 -4.39065844e-02
      4.72149491e-01 -3.24535966e-02 4.72450048e-01 -1.87794250e-02</contour2d>
    <histogram type_id="opencv-matrix">
      <rows>20</rows>
      <cols>1</cols>
      <dt>f</dt>
      <data>
        0. 0. 0. 0. 0. 0. 0. 0. 0. 0. 9.86827075e-01 0. 0. 0. 0. 0. 0.
        0. 1.26002301e-02 5.72737714e-04</data></histogram></_>
  <_><id>5</id>
    <height>3.5015106201171875e-02</height>
    <contour2d>
      5.25154948e-01 -2.45376658e-02 5.21137297e-01 -1.36985900e-02
      5.19448698e-01 -1.01134246e-02 5.16752899e-01 -5.33864927e-03
      5.06619275e-01 -5.35819330e-04 4.97321278e-01 -5.34660940e-04
      4.93605345e-01 -1.72321463e-03 4.91117001e-01 -2.90833577e-03
      4.87380415e-01 -5.25845960e-03 4.85909641e-01 -6.43143244e-03
      4.83477384e-01 -8.77886824e-03 4.80727434e-01 -1.22853993e-02
      4.78713185e-01 -1.57670081e-02 4.77342159e-01 -1.92609560e-02
      4.76702690e-01 -2.16190051e-02 4.76267099e-01 -2.39348132e-02
      4.75972295e-01 -2.74246316e-02 4.76253241e-01 -3.21270786e-02
      4.76749271e-01 -3.45137604e-02 4.77815211e-01 -3.80447656e-02
      4.78884608e-01 -4.04059142e-02 4.80268180e-01 -4.28044796e-02
      4.83057886e-01 -4.64436226e-02 4.85551238e-01 -4.88811173e-02
      4.88984615e-01 -5.14510199e-02 4.91612762e-01 -5.28664067e-02
      4.94589001e-01 -5.40807880e-02 5.07645309e-01 -5.43318428e-02
      5.15236259e-01 -4.82566059e-02 5.18584907e-01 -4.47361283e-02
      5.20197988e-01 -4.11268473e-02 5.24185359e-01 -3.04674748e-02</contour2d>
    <histogram type_id="opencv-matrix">
      <rows>20</rows>
      <cols>1</cols>
      <dt>f</dt>
      <data>
        0. 0. 0. 0. 0. 0. 0. 0. 0. 9.83836967e-03 9.53619123e-01 0. 0.
        0. 0. 0. 0. 0. 3.65425162e-02 0.</data></histogram></_>
  <_><id>6</id>
    <height>3.4980714321136475e-02</height>
    <contour2d>
      4.56669658e-01 -2.98462454e-02 4.50627416e-01 -2.30265688e-02
      4.42479849e-01 -1.85108986e-02 4.32867765e-01 -1.84663553e-02
      4.29309100e-01 -1.94816533e-02 4.26729530e-01 -2.05455180e-02
      4.22957629e-01 -2.26910207e-02 4.20205086e-01 -2.48310249e-02
      4.17998105e-01 -2.70026792e-02 4.16239262e-01 -2.91285682e-02
      4.14131075e-01 -3.23927291e-02 4.13056433e-01 -3.45689468e-02
      4.12213445e-01 -3.67695317e-02 4.11330760e-01 -3.99530791e-02
      4.10733074e-01 -4.43752594e-02 4.10849810e-01 -4.87820283e-02
