<?xml version="1.0"?>
<opencv_storage>
<obj>
  <_><id>1</id>
    <height>1.4172863960266113e-01</height>
    <contour2d>
      4.14776504e-01 -6.41265363e-02 4.06377792e-01 5.50349206e-02
      3.57449234e-01 7.39896148e-02 3.53885114e-01 7.08635896e-02
      3.48526269e-01 6.39067814e-02 3.46757948e-01 6.11018203e-02
      3.62960309e-01 -2.04848573e-02 3.64117265e-01 -2.47293767e-02
      3.66540074e-01 -3.11480630e-02 3.70016634e-01 -3.76338288e-02
      3.72265339e-01 -4.09076139e-02 3.74931216e-01 -4.41262983e-02
      3.79048139e-01 -4.86692078e-02 3.81523311e-01 -5.09567074e-02
      3.86395305e-01 -5.44678979e-02 3.92639697e-01 -5.79407401e-02
      3.95667315e-01 -5.92938960e-02 3.99300396e-01 -6.06023632e-02
      4.04820204e-01 -6.20620735e-02</contour2d>
    <histogram type_id="opencv-matrix">
      <rows>20</rows>
      <cols>1</cols>
      <dt>f</dt>
      <data>
        0. 0. 0. 0. 0. 0. 0. 0. 0. 0. 6.35021424e-04 9.99364972e-01 0.
        0. 0. 0. 0. 0. 0. 0.</data></histogram></_>
  <_><id>2</id>
    <height>2.0797234773635864e-01</height>
    <contour2d>
      5.76676369e-01 -3.78645547e-02 5.71215332e-01 5.62003464e-04
      5.68180501e-01 1.17254527e-02 5.64066291e-01 2.17939559e-02
      5.60521305e-01 2.67355833e-02 5.52306712e-01 3.64583768e-02
      5.50456345e-01 3.83616574e-02 5.43915629e-01 4.39907238e-02
      5.30646980e-01 5.10451943e-02 5.24425685e-01 5.35555482e-02
      5.17676950e-01 5.49895614e-02 5.08311450e-01 5.62246367e-02
      4.94206011e-01 5.51745370e-02 4.13402766e-01 4.47245203e-02
      4.12262142e-01 4.39611971e-02 4.11238223e-01 4.27954607e-02
      4.08330053e-01 3.81055996e-02 4.05490190e-01 3.27622928e-02
      4.03098881e-01 2.72125583e-02 4.02607739e-01 2.56997254e-02
      4.02563214e-01 2.34114416e-02 4.02951062e-01 2.18037665e-02
      4.34340239e-01 -5.03923595e-02 4.35613841e-01 -5.27208634e-02
      4.37904179e-01 -5.62118441e-02 4.40576255e-01 -5.97798452e-02
      4.43909943e-01 -6.33207783e-02 4.47954684e-01 -6.70109168e-02
      4.51338500e-01 -6.96209967e-02 4.55286205e-01 -7.21785799e-02
      4.60016757e-01 -7.49126077e-02 4.63178754e-01 -7.61659294e-02
      4.67954785e-01 -7.77643546e-02 4.72727180e-01 -7.85852447e-02
      5.13183773e-01 -7.52182901e-02 5.24612427e-01 -7.36413598e-02
      5.27602792e-01 -7.29482248e-02 5.29442847e-01 -7.21788555e-02
      5.37308156e-01 -6.81591108e-02 5.40062547e-01 -6.65278658e-02
      5.56033850e-01 -5.55707999e-02</contour2d>
    <histogram type_id="opencv-matrix">
      <rows>20</rows>
      <cols>1</cols>
      <dt>f</dt>
      <data>
        0. 0. 0. 0. 0. 0. 0. 0. 0. 0. 3.30363982e-03 9.96696353e-01 0.
        0. 0. 0. 0. 0. 0. 0.</data></histogram></_>
  <_><id>3</id>
    <height>2.0385587215423584e-01</height>
    <contour2d>
      5.94276667e-01 -5.45429513e-02 5.94531357e-01 -2.25028321e-02
      5.94513416e-01 3.72371972e-02 5.94237924e-01 5.01126200e-02
      5.94121695e-01 5.09831049e-02 5.92765510e-01 5.29367402e-02
      5.87597609e-01 5.68082519e-02 5.85727751e-01 5.77236265e-02
      5.76570153e-01 6.12225458e-02 5.62362254e-01 6.42491430e-02
      5.42852938e-01 6.27103299e-02 5.37865520e-01 6.13472797e-02
      5.33956766e-01 6.00362010e-02 5.30827761e-01 5.88407442e-02
      5.24108946e-01 5.54420128e-02 4.52940047e-01 1.42648621e-02
      4.50631827e-01 1.26070958e-02 4.49298412e-01 1.09578138e-02
      4.48224813e-01 9.19021200e-03 4.47791576e-01 7.36932829e-03
      4.47299004e-01 3.46097979e-03 4.46892291e-01 -2.40425160e-03
      4.47008580e-01 -9.28142853e-03 4.47903603e-01 -1.15596196e-02
      5.05874097e-01 -6.23900145e-02 5.07602572e-01 -6.37252331e-02
      5.11833608e-01 -6.63784891e-02 5.17207086e-01 -6.90756366e-02
      5.20891428e-01 -7.05977231e-02 5.26073217e-01 -7.22179562e-02
      5.30746102e-01 -7.26042613e-02 5.34295022e-01 -7.23355860e-02
      5.38760364e-01 -7.16472119e-02 5.72077632e-01 -6.58612400e-02
      5.78166842e-01 -6.43528029e-02 5.88331699e-01 -6.00473396e-02
      5.92605889e-01 -5.72768599e-02</contour2d>
    <histogram type_id="opencv-matrix">
      <rows>20</rows>
      <cols>1</cols>
      <dt>f</dt>
      <data>
        0. 0. 0. 0. 0. 0. 0. 0. 0. 0. 1.02191269e-02 9.89780903e-01 0.
        0. 0. 0. 0. 0. 0. 0.</data></histogram></_>
  <_><id>4</id>
    <height>2.0344650745391846e-01</height>
    <contour2d>
      5.93651175e-01 6.11180551e-02 5.87177098e-01 6.37205690e-02
      5.74907959e-01 6.57945052e-02 5.69138765e-01 6.63338453e-02
      5.55279970e-01 6.52497932e-02 5.49761832e-01 6.38006255e-02
      5.45799971e-01 6.24719039e-02 5.39937675e-01 6.00181632e-02
      5.35633445e-01 5.76978549e-02 5.31912744e-01 5.54753318e-02
      5.30365765e-01 5.44106252e-02 5.12465596e-01 4.04866226e-02
      5.08968294e-01 3.74957509e-02 5.04537165e-01 3.33007798e-02
      5.01281440e-01 2.96438579e-02 4.98549074e-01 2.59664487e-02
      4.96996433e-01 2.35204101e-02 4.94997472e-01 1.98579300e-02
      4.65902865e-01 -4.66785543e-02 4.65929180e-01 -4.80968021e-02
      4.68064815e-01 -5.21162599e-02 4.70508277e-01 -5.61777763e-02
      4.73287165e-01 -6.01661019e-02 4.74915236e-01 -6.21973276e-02
      4.75487679e-01 -6.26394078e-02 4.76564199e-01 -6.28980547e-02
      5.65321803e-01 -6.56854734e-02 5.74298263e-01 -6.53814971e-02
      5.85875273e-01 -6.32292554e-02 5.93900621e-01 -5.96969388e-02
      5.94183505e-01 -5.80366291e-02 5.94506204e-01 -4.52046245e-02
      5.94308496e-01 5.92080615e-02</contour2d>
    <histogram type_id="opencv-matrix">
      <rows>20</rows>
      <cols>1</cols>
      <dt>f</dt>
      <data>
        0. 5.40569745e-05 0. 0. 0. 0. 0. 0. 0. 0. 6.91929273e-03
        9.91404891e-01 5.40569745e-05 0. 0. 0. 0. 0. 1.51359523e-03
        5.40569745e-05</data></histogram></_>
  <_><id>5</id>
    <height>2.0295655727386475e-01</height>
    <contour2d>
      5.17878473e-01 -8.93995240e-02 5.20945787e-01 -8.95289630e-02
      5.90479612e-01 -6.78737983e-02 5.93896806e-01 -6.60407171e-02
      5.94442725e-01 -6.51803315e-02 5.94437242e-01 5.37184365e-02
      5.94154596e-01 6.20190240e-02 5.91115892e-01 6.27747029e-02
      5.86248517e-01 6.33861944e-02 5.68314970e-01 6.19654208e-02
      5.64042687e-01 6.07077666e-02 5.60538709e-01 5.94540797e-02
      5.34912705e-01 4.92157042e-02 5.31930625e-01 4.78562005e-02
      5.27098477e-01 4.51696068e-02 5.23186445e-01 4.25959080e-02
      5.18457592e-01 3.87267657e-02 5.13585269e-01 3.36542353e-02
      5.09214401e-01 2.74454057e-02 5.07136703e-01 2.37284005e-02
      5.04796505e-01 1.88532937e-02 5.03143966e-01 1.39795262e-02
      5.01731217e-01 7.91940559e-03 5.01265168e-01 4.28808434e-03
      5.01023173e-01 -5.41005982e-04 4.99611974e-01 -7.37235695e-02
      4.99695957e-01 -7.44996518e-02 5.00257313e-01 -7.61089623e-02
      5.01339316e-01 -7.77255669e-02 5.05632520e-01 -8.16115886e-02
      5.09909153e-01 -8.49447027e-02 5.12803495e-01 -8.69513303e-02
      5.14931858e-01 -8.82743448e-02</contour2d>
    <histogram type_id="opencv-matrix">
      <rows>20</rows>
      <cols>1</cols>
      <dt>f</dt>
      <data>
        0. 0. 0. 0. 0. 0. 0. 0. 0. 0. 5.30179450e-03 9.93117869e-01 0.
        0. 0. 0. 0. 0. 1.58034265e-03 0.</data></histogram></_>
  <_><id>6</id>
    <height>2.0347195863723755e-01</height>
    <contour2d>
      5.93696177e-01 -2.23897956e-02 5.94213188e-01 -2.03233622e-02
      5.94441354e-01 -1.83027908e-02 5.94466150e-01 4.98844944e-02
      5.94205439e-01 5.17819673e-02 5.93549311e-01 5.38000539e-02
      5.91434419e-01 5.67801408e-02 5.59089243e-01 9.48627815e-02
      5.52735388e-01 9.74311382e-02 5.49417377e-01 9.80729982e-02
      5.41546583e-01 9.70361605e-02 5.40951729e-01 9.67310295e-02
      4.88988698e-01 6.02988005e-02 4.85637784e-01 5.76897971e-02
      4.82749701e-01 5.51642962e-02 4.78160262e-01 5.03067374e-02
      4.73709255e-01 4.41961139e-02 4.70985770e-01 3.93941849e-02
      4.69330788e-01 3.57999392e-02 4.67608243e-01 3.10442932e-02
