<?xml version="1.0"?>
<opencv_storage>
<obj>
  <_><id>1</id>
    <height>5.0739765167236328e-02</height>
    <contour2d>
      4.43860114e-01 -1.65990382e-01 4.36706603e-01 -1.55422032e-01
      4.34408426e-01 -1.52641803e-01 4.32962686e-01 -1.51505172e-01
      4.28511798e-01 -1.49628446e-01 4.23418224e-01 -1.48021236e-01
      4.19163316e-01 -1.47263184e-01 4.13251638e-01 -1.47146568e-01
      4.09140021e-01 -1.47635728e-01 4.06068772e-01 -1.48402259e-01
      4.02825147e-01 -1.49498701e-01 3.98489058e-01 -1.51631221e-01
      3.95197242e-01 -1.53699622e-01 3.93243313e-01 -1.55126795e-01
      3.89937401e-01 -1.58180982e-01 3.88721317e-01 -1.59513265e-01
      3.86400193e-01 -1.62668139e-01 3.85265619e-01 -1.64485902e-01
      3.82750750e-01 -1.69453576e-01 3.81924599e-01 -1.71448216e-01
      3.80853593e-01 -1.74753278e-01 3.79997790e-01 -1.78165883e-01
      3.79319966e-01 -1.82763934e-01 3.78902376e-01 -1.87008530e-01
      3.78891200e-01 -1.92374185e-01 3.79221648e-01 -1.94988728e-01
      3.79918426e-01 -1.97855622e-01 3.80988032e-01 -2.00989023e-01
      3.82234544e-01 -2.03650087e-01 3.84703636e-01 -2.07814887e-01
      3.85342896e-01 -2.08662868e-01 3.87961119e-01 -2.11348042e-01
      3.90829980e-01 -2.13359147e-01 3.93553883e-01 -2.14890286e-01
      4.01235074e-01 -2.17998505e-01 4.06753629e-01 -2.19366074e-01
      4.12943065e-01 -2.20207930e-01 4.19770062e-01 -2.18310535e-01
      4.23957109e-01 -2.16886207e-01 4.32411164e-01 -2.10013509e-01
      4.37866926e-01 -2.05269858e-01 4.44266468e-01 -1.95402354e-01
      4.44782555e-01 -1.91152319e-01 4.46097374e-01 -1.75594479e-01
      4.45113331e-01 -1.69846520e-01</contour2d>
    <histogram type_id="opencv-matrix">
      <rows>20</rows>
      <cols>1</cols>
      <dt>f</dt>
      <data>
        1.12044200e-01 6.40883995e-03 2.20994480e-04 0. 0. 0. 0. 0. 0.
        0. 0. 0. 0. 0. 0. 0. 0. 8.80442023e-01 0. 8.83977918e-04</data></histogram></_>
  <_><id>2</id>
    <height>5.1070451736450195e-02</height>
    <contour2d>
      4.44549501e-01 -1.95563987e-01 4.46063608e-01 -1.89830810e-01
      4.46023375e-01 -1.79628655e-01 4.43062961e-01 -1.67641908e-01
      4.39370483e-01 -1.59561515e-01 4.34315115e-01 -1.53633803e-01
      4.31996763e-01 -1.52101338e-01 4.29290086e-01 -1.51023597e-01
      4.26409721e-01 -1.50270104e-01 4.19903934e-01 -1.49269983e-01
      4.13788110e-01 -1.49041802e-01 4.08491045e-01 -1.49585128e-01
      4.05811429e-01 -1.50131539e-01 4.02889252e-01 -1.50973082e-01
      3.99236977e-01 -1.52450264e-01 3.96853268e-01 -1.53678373e-01
      3.94312203e-01 -1.55245647e-01 3.90766948e-01 -1.58172280e-01
      3.88514668e-01 -1.60397887e-01 3.86078030e-01 -1.63446903e-01
      3.84356767e-01 -1.65929452e-01 3.82279247e-01 -1.69674680e-01
      3.81106317e-01 -1.72453657e-01 3.80334646e-01 -1.74951017e-01
      3.79646897e-01 -1.78474560e-01 3.79302204e-01 -1.81216270e-01
      3.79068643e-01 -1.86557919e-01 3.79166812e-01 -1.88604638e-01
      3.79637748e-01 -1.92314595e-01 3.80151033e-01 -1.95057735e-01
      3.81154656e-01 -1.98736265e-01 3.83163363e-01 -2.04548314e-01
      3.84352863e-01 -2.07178161e-01 3.85932922e-01 -2.10091174e-01
      3.88122946e-01 -2.13087201e-01 3.90395761e-01 -2.15526983e-01
      3.93868178e-01 -2.18346879e-01 3.94938260e-01 -2.18889922e-01
      4.03683811e-01 -2.20930114e-01 4.07328963e-01 -2.21160010e-01
      4.13682610e-01 -2.21133247e-01 4.25574183e-01 -2.18978524e-01
      4.33094174e-01 -2.15016156e-01 4.36795592e-01 -2.10174799e-01
      4.40119058e-01 -2.04596400e-01</contour2d>
    <histogram type_id="opencv-matrix">
      <rows>20</rows>
      <cols>1</cols>
      <dt>f</dt>
      <data>
        1.03620209e-01 6.50336035e-03 0. 4.33557347e-04 0. 0. 0. 0. 0.
        0. 0. 0. 0. 0. 0. 0. 0. 8.89442921e-01 0. 0.</data></histogram></_>
  <_><id>3</id>
    <height>5.0792336463928223e-02</height>
    <contour2d>
      4.45037276e-01 -1.87701732e-01 4.44705456e-01 -1.80403709e-01
      4.40658867e-01 -1.65686011e-01 4.39521581e-01 -1.62906006e-01
      4.31860715e-01 -1.52899429e-01 4.27267373e-01 -1.49858400e-01
      4.25129533e-01 -1.49043009e-01 4.19985265e-01 -1.47645012e-01
      4.14586127e-01 -1.46747634e-01 4.09031421e-01 -1.46779418e-01
      4.05383706e-01 -1.47285447e-01 4.02119786e-01 -1.47964716e-01
      3.97725314e-01 -1.49508387e-01 3.95222723e-01 -1.50688171e-01
      3.92581403e-01 -1.52209729e-01 3.90274704e-01 -1.53891072e-01
      3.87070894e-01 -1.57066703e-01 3.83912474e-01 -1.60691798e-01
      3.81828517e-01 -1.63438663e-01 3.79973948e-01 -1.66311219e-01
      3.77708256e-01 -1.70908540e-01 3.76608282e-01 -1.73713297e-01
      3.75569195e-01 -1.77539855e-01 3.74896586e-01 -1.82037577e-01
      3.74773473e-01 -1.85901180e-01 3.75214279e-01 -1.89984933e-01
      3.76138389e-01 -1.94171801e-01 3.77441972e-01 -1.97866619e-01
      3.78788531e-01 -2.00818360e-01 3.80019337e-01 -2.03091711e-01
      3.81808668e-01 -2.05780014e-01 3.84163469e-01 -2.08650723e-01
      3.86758178e-01 -2.11076707e-01 3.91985655e-01 -2.14833528e-01
      3.93535733e-01 -2.15735838e-01 3.97145569e-01 -2.17299163e-01
      3.99722248e-01 -2.17729330e-01 4.13379192e-01 -2.17938602e-01
      4.21472490e-01 -2.17480525e-01 4.24052179e-01 -2.17085034e-01
      4.26994264e-01 -2.15351209e-01 4.31952536e-01 -2.10798994e-01
      4.40900862e-01 -1.97979257e-01 4.43756938e-01 -1.92550763e-01</contour2d>
    <histogram type_id="opencv-matrix">
      <rows>20</rows>
      <cols>1</cols>
      <dt>f</dt>
      <data>
        1.01635769e-01 5.45256259e-03 2.18102505e-04 2.18102505e-04 0.
        0. 0. 0. 0. 0. 0. 0. 0. 0. 0. 0. 0. 8.90948713e-01 0.
        1.52671756e-03</data></histogram></_>
  <_><id>4</id>
    <height>5.0889968872070312e-02</height>
    <contour2d>
      4.37700629e-01 -1.61421895e-01 4.35442239e-01 -1.57901600e-01
      4.32996511e-01 -1.55301884e-01 4.30040598e-01 -1.52859002e-01
      4.27653879e-01 -1.51301280e-01 4.22179848e-01 -1.49114907e-01
      4.17483360e-01 -1.47916943e-01 4.13735062e-01 -1.47375211e-01
      4.10800546e-01 -1.47212580e-01 4.07486707e-01 -1.47472367e-01
      4.03995723e-01 -1.48045108e-01 4.00929153e-01 -1.48815319e-01
      3.95998865e-01 -1.50512114e-01 3.92486662e-01 -1.52040944e-01
      3.88996363e-01 -1.54111058e-01 3.86394709e-01 -1.56083226e-01
      3.82092834e-01 -1.60092831e-01 3.78713489e-01 -1.64569482e-01
      3.76824021e-01 -1.67904720e-01 3.75492126e-01 -1.71087444e-01
      3.75147849e-01 -1.72327220e-01 3.74106407e-01 -1.77672014e-01
      3.73662293e-01 -1.81335643e-01 3.73437494e-01 -1.85136005e-01
      3.73533130e-01 -1.88165203e-01 3.74285370e-01 -1.94036603e-01
      3.74920458e-01 -1.96469486e-01 3.75961989e-01 -1.99591398e-01
      3.78233761e-01 -2.04375297e-01 3.79914641e-01 -2.06987008e-01
      3.81338090e-01 -2.08787665e-01 3.84722054e-01 -2.12425053e-01
      3.87518317e-01 -2.14628965e-01 3.90543342e-01 -2.16115087e-01
      3.97438794e-01 -2.18267798e-01 4.05064255e-01 -2.17760220e-01
      4.15824473e-01 -2.15909913e-01 4.20160890e-01 -2.14595154e-01
      4.23258573e-01 -2.12990046e-01 4.33998317e-01 -2.05985397e-01
      4.36515838e-01 -2.03463137e-01 4.39085573e-01 -1.99939504e-01
      4.41718429e-01 -1.93380311e-01 4.42330003e-01 -1.74401864e-01</contour2d>
    <histogram type_id="opencv-matrix">
      <rows>20</rows>
      <cols>1</cols>
      <dt>f</dt>
      <data>
        9.87627506e-02 6.07770775e-03 2.17060995e-04 2.17060995e-04 0.
        0. 0. 0. 0. 0. 0. 0. 0. 0. 0. 0. 0. 8.93640101e-01 0.
        1.08530500e-03</data></histogram></_>
  <_><id>5</id>
    <height>4.3968558311462402e-02</height>
    <contour2d>
      6.54370666e-01 -3.74724507e-01 6.49212718e-01 -3.70680958e-01
      6.44146204e-01 -3.68319660e-01 6.41784430e-01 -3.67433101e-01
      6.38552725e-01 -3.66481394e-01 6.34095609e-01 -3.65584850e-01
      6.30143940e-01 -3.65231454e-01 6.28391683e-01 -3.65263969e-01
      6.25066459e-01 -3.65648270e-01 6.21979833e-01 -3.66187871e-01
