<?xml version="1.0"?>
<opencv_storage>
<obj>
  <_><id>1</id>
    <height>4.2985677719116211e-02</height>
    <contour2d>
      5.78368604e-01 -6.11014292e-02 5.76784015e-01 -5.60858324e-02
      5.71298003e-01 -4.84142788e-02 5.61637580e-01 -4.07053120e-02
      5.58769226e-01 -3.94052379e-02 5.52670538e-01 -3.79971303e-02
      5.46315134e-01 -3.77782658e-02 5.41502535e-01 -3.88035811e-02
      5.38274527e-01 -3.98754105e-02 5.35700679e-01 -4.10006866e-02
      5.32054842e-01 -4.32018489e-02 5.27894437e-01 -4.66069691e-02
      5.25858164e-01 -4.88416627e-02 5.22865176e-01 -5.34093194e-02
      5.21192968e-01 -5.68327084e-02 5.20108163e-01 -6.03278764e-02
      5.19592583e-01 -6.25956133e-02 5.19285202e-01 -6.48899972e-02
      5.19134939e-01 -6.83761239e-02 5.19358039e-01 -7.19241798e-02
      5.19720554e-01 -7.43297562e-02 5.21223187e-01 -7.91263282e-02
      5.22961974e-01 -8.28072801e-02 5.24372220e-01 -8.52571130e-02
      5.26401162e-01 -8.78402591e-02 5.27582109e-01 -8.90739560e-02
      5.30454636e-01 -9.16543379e-02 5.32373071e-01 -9.30525139e-02
      5.37638247e-01 -9.57658365e-02 5.42462885e-01 -9.74053293e-02
      5.48511028e-01 -9.79107544e-02 5.54844141e-01 -9.72608328e-02
      5.58037519e-01 -9.63267908e-02 5.63040078e-01 -9.43433195e-02
      5.68049967e-01 -9.11093950e-02 5.71200192e-01 -8.76688063e-02
      5.74706793e-01 -8.30395073e-02 5.78213334e-01 -7.46692568e-02</contour2d>
    <histogram type_id="opencv-matrix">
      <rows>20</rows>
      <cols>1</cols>
      <dt>f</dt>
      <data>
        0. 0. 0. 0. 0. 0. 0. 0. 0. 0. 1. 0. 0. 0. 0. 0. 0. 0. 0. 0.</data></histogram></_>
  <_><id>2</id>
    <height>4.2956650257110596e-02</height>
    <contour2d>
      5.78127742e-01 -5.61303459e-02 5.78013301e-01 -3.75957489e-02
      5.76188982e-01 -3.38302776e-02 5.71456075e-01 -2.63320282e-02
      5.63441277e-01 -2.00539362e-02 5.57006836e-01 -1.75147038e-02
      5.43299019e-01 -1.73118804e-02 5.38913131e-01 -1.84436888e-02
      5.36712646e-01 -1.95805002e-02 5.31567276e-01 -2.30257194e-02
      5.28766274e-01 -2.53373440e-02 5.27642787e-01 -2.65063085e-02
      5.25737941e-01 -2.88011227e-02 5.24221420e-01 -3.11133768e-02
      5.22874415e-01 -3.34322788e-02 5.21398008e-01 -3.69088463e-02
      5.20084918e-01 -4.27366868e-02 5.19767165e-01 -4.62190360e-02
      5.20157218e-01 -5.09531759e-02 5.21410584e-01 -5.68622611e-02
      5.23044288e-01 -6.04860522e-02 5.24429381e-01 -6.29066303e-02
      5.27224422e-01 -6.65867031e-02 5.29834211e-01 -6.90690875e-02
      5.32946706e-01 -7.16425404e-02 5.34810722e-01 -7.29857758e-02
      5.37891030e-01 -7.43819997e-02 5.42319238e-01 -7.58542344e-02
      5.53546667e-01 -7.66486749e-02 5.59420943e-01 -7.45737478e-02
      5.64520776e-01 -7.24995136e-02 5.67791522e-01 -7.02659860e-02
      5.74562192e-01 -6.33216873e-02</contour2d>
    <histogram type_id="opencv-matrix">
      <rows>20</rows>
      <cols>1</cols>
      <dt>f</dt>
      <data>
        0. 0. 0. 0. 0. 0. 0. 0. 0. 2.01106095e-03 9.97988999e-01 0. 0.
        0. 0. 0. 0. 0. 0. 0.</data></histogram></_>
  <_><id>3</id>
    <height>4.2899727821350098e-02</height>
    <contour2d>
      5.38807094e-01 -1.24444440e-02 5.36969066e-01 -6.47563720e-03
      5.35445511e-01 -2.90590222e-03 5.30793071e-01 4.19759192e-03
      5.21953046e-01 1.12007027e-02 5.18767953e-01 1.23333605e-02
      5.09317815e-01 1.45620964e-02 5.01573384e-01 1.32952146e-02
      4.97985184e-01 1.21171903e-02 4.93239105e-01 9.76923387e-03
      4.88571614e-01 6.30969135e-03 4.87461179e-01 5.17020421e-03
      4.84784245e-01 1.75844482e-03 4.83277261e-01 -5.07154269e-04
      4.81521040e-01 -3.89232161e-03 4.80318934e-01 -7.27252290e-03
      4.79764372e-01 -9.51417442e-03 4.79127616e-01 -1.29010864e-02
      4.78976309e-01 -1.62752401e-02 4.79897588e-01 -2.30362825e-02
      4.80529398e-01 -2.53317710e-02 4.81367975e-01 -2.75853537e-02
      4.83080626e-01 -3.10379248e-02 4.84455496e-01 -3.33421938e-02
      4.87375170e-01 -3.68486494e-02 4.88543749e-01 -3.80117446e-02
      4.91457969e-01 -4.04024608e-02 4.95484024e-01 -4.28289361e-02
      4.98371989e-01 -4.40948009e-02 5.02611220e-01 -4.54170480e-02
      5.11039138e-01 -4.57551442e-02 5.17265320e-01 -4.48759012e-02
      5.20229697e-01 -4.38279770e-02 5.30563056e-01 -3.59646864e-02
      5.35251260e-01 -2.90059261e-02 5.36787391e-01 -2.54822914e-02
      5.38538098e-01 -1.83883961e-02</contour2d>
    <histogram type_id="opencv-matrix">
      <rows>20</rows>
      <cols>1</cols>
      <dt>f</dt>
      <data>
        0. 0. 0. 0. 0. 0. 0. 0. 0. 4.85908648e-04 9.98542249e-01 0. 0.
        0. 0. 0. 0. 0. 0. 9.71817295e-04</data></histogram></_>
  <_><id>4</id>
    <height>4.2878866195678711e-02</height>
    <contour2d>
      5.07795155e-01 2.25982964e-02 5.04864812e-01 2.94512250e-02
      5.01996040e-01 3.39712277e-02 4.99321371e-01 3.73376198e-02
      4.95099813e-01 4.06206883e-02 4.90535468e-01 4.26989011e-02
      4.87652153e-01 4.37108204e-02 4.83456612e-01 4.46649939e-02
      4.70829219e-01 4.42107208e-02 4.67393100e-01 4.28946838e-02
      4.64731216e-01 4.16762307e-02 4.59958345e-01 3.82081121e-02
      4.58646983e-01 3.70559245e-02 4.56460446e-01 3.47173177e-02
      4.53943461e-01 3.13454941e-02 4.51514721e-01 2.68993918e-02
      4.50317770e-01 2.35895161e-02 4.49572653e-01 1.91700868e-02
      4.49364632e-01 1.47923650e-02 4.49502826e-01 1.15222959e-02
      4.49767172e-01 9.34543833e-03 4.51319277e-01 3.88910947e-03
      4.52848911e-01 6.05258974e-04 4.55074340e-01 -2.68993317e-03
      4.56792563e-01 -4.89917537e-03 4.58976567e-01 -7.11103762e-03
      4.63313311e-01 -1.04700373e-02 4.67319012e-01 -1.27352728e-02
      4.71136808e-01 -1.38930781e-02 4.79907781e-01 -1.51507631e-02
      4.86253321e-01 -1.40952123e-02 4.91773009e-01 -1.18908761e-02
      4.97817963e-01 -8.53018276e-03 5.01774371e-01 -3.96169350e-03
      5.06320119e-01 2.94521870e-03 5.07732093e-01 7.57146440e-03</contour2d>
    <histogram type_id="opencv-matrix">
      <rows>20</rows>
      <cols>1</cols>
      <dt>f</dt>
      <data>
        0. 0. 0. 0. 0. 0. 0. 0. 0. 9.62000981e-04 9.98076022e-01 0. 0.
        0. 0. 0. 0. 0. 0. 9.62000981e-04</data></histogram></_>
  <_><id>5</id>
    <height>4.2694926261901855e-02</height>
    <contour2d>
      4.62390989e-01 3.48745286e-02 4.62363303e-01 4.03980240e-02
      4.61027056e-01 4.69677635e-02 4.59664196e-01 5.02090305e-02
      4.55695748e-01 5.66014983e-02 4.51757669e-01 6.07569478e-02
      4.49107289e-01 6.27745390e-02 4.45018619e-01 6.46677986e-02
      4.39766496e-01 6.64747655e-02 4.36026484e-01 6.73119351e-02
      4.23763841e-01 6.65175244e-02 4.16287303e-01 6.28305078e-02
      4.12172765e-01 5.95097244e-02 4.08138871e-01 5.50191738e-02
      4.06767488e-01 5.28294295e-02 4.04464096e-01 4.85419668e-02
      4.02995527e-01 4.21937667e-02 4.02761459e-01 3.69624086e-02
      4.03215528e-01 3.18120420e-02 4.04537410e-01 2.66504437e-02
      4.05523330e-01 2.45781373e-02 4.07993853e-01 2.04597935e-02
      4.10438716e-01 1.73658989e-02 4.11452413e-01 1.63268484e-02
      4.15069401e-01 1.32260006e-02 4.16581124e-01 1.21989548e-02
      4.20177400e-01 1.01224305e-02 4.22720492e-01 9.08774976e-03
      4.26517725e-01 8.05741735e-03 4.38705683e-01 8.15037265e-03
      4.42483991e-01 9.26353224e-03 4.45180297e-01 1.03770671e-02
      4.49043870e-01 1.25975860e-02 4.54295069e-01 1.70487352e-02
      4.56847012e-01 2.03855876e-02 4.59861487e-01 2.48710811e-02
      4.61070210e-01 2.82067899e-02</contour2d>
    <histogram type_id="opencv-matrix">
      <rows>20</rows>
      <cols>1</cols>
      <dt>f</dt>
      <data>
        0. 0. 0. 0. 0. 0. 0. 0. 0. 2.27376074e-03 9.97726202e-01 0. 0.
        0. 0. 0. 0. 0. 0. 0.</data></histogram></_>
  <_><id>6</id>
    <height>4.2614519596099854e-02</height>
    <contour2d>
      4.49029565e-01 -3.32035162e-02 4.47664738e-01 -2.77100839e-02
      4.46300030e-01 -2.44071055e-02 4.43679899e-01 -2.00043004e-02
