<?xml version="1.0"?>
<opencv_storage>
<obj>
  <_><id>1</id>
    <height>1.1483013629913330e-02</height>
    <contour2d>
      4.92611140e-01 -4.81170490e-02 4.91869003e-01 -4.30702418e-02
      4.90677059e-01 -4.06789668e-02 4.70800340e-01 -2.02236306e-02
      4.66464967e-01 -1.66725870e-02 4.65620995e-01 -1.66753475e-02
      4.33228374e-01 -4.87019978e-02 4.33106214e-01 -4.90752123e-02
      4.33301240e-01 -4.98338901e-02 4.34302062e-01 -5.09738959e-02
      4.36935812e-01 -5.33570014e-02 4.39845920e-01 -5.56501895e-02
      4.44619298e-01 -5.87210022e-02 4.49570239e-01 -6.12464808e-02
      4.53482687e-01 -6.27713352e-02 4.58329946e-01 -6.41469881e-02
      4.62777615e-01 -6.49617314e-02 4.69226927e-01 -6.53078184e-02
      4.76613283e-01 -6.49619922e-02 4.88125712e-01 -5.38289025e-02
      4.91447985e-01 -5.03455512e-02</contour2d>
    <histogram type_id="opencv-matrix">
      <rows>20</rows>
      <cols>1</cols>
      <dt>f</dt>
      <data>
        0. 0. 9.57446754e-01 0. 0. 0. 0. 0. 0. 0. 0. 0. 0. 0. 0. 0. 0.
        0. 3.90070900e-02 3.54609918e-03</data></histogram></_>
  <_><id>2</id>
    <height>1.1714637279510498e-02</height>
    <contour2d>
      4.95771319e-01 -3.14173289e-02 4.63782877e-01 -2.81437077e-02
      4.58509624e-01 -2.80124992e-02 4.58337456e-01 -2.83566955e-02
      4.56985235e-01 -4.05443273e-02 4.53527927e-01 -7.41183907e-02
      4.53845650e-01 -7.47605264e-02 4.62425232e-01 -7.52451047e-02
      4.67858285e-01 -7.44688585e-02 4.72044766e-01 -7.36066326e-02
      4.80520129e-01 -7.06920773e-02 4.84932929e-01 -6.86522052e-02
      4.91922617e-01 -6.31671920e-02 4.96888816e-01 -5.90452179e-02
      4.97792363e-01 -5.78464903e-02 4.99998152e-01 -3.64714973e-02</contour2d>
    <histogram type_id="opencv-matrix">
      <rows>20</rows>
      <cols>1</cols>
      <dt>f</dt>
      <data>
        0. 0. 9.34959292e-01 4.06504050e-03 0. 0. 0. 0. 0. 0. 0. 0. 0.
        0. 0. 0. 0. 0. 6.09756075e-02 0.</data></histogram></_>
  <_><id>3</id>
    <height>1.1456966400146484e-02</height>
    <contour2d>
      4.63486135e-01 3.18495631e-02 4.64709371e-01 3.63237038e-02
      4.64826286e-01 4.09419425e-02 4.62141305e-01 5.00323363e-02
      4.55413997e-01 7.14087263e-02 4.53738034e-01 7.27590546e-02
      4.10570025e-01 5.85570298e-02 4.10077125e-01 5.80173619e-02
      4.10007477e-01 5.75185940e-02 4.10288095e-01 5.63184284e-02
      4.11064059e-01 5.42700775e-02 4.12996978e-01 4.99240719e-02
      4.14178967e-01 4.77817133e-02 4.17615056e-01 4.25279997e-02
      4.21159059e-01 3.82296667e-02 4.25666094e-01 3.39130871e-02
      4.29874867e-01 3.07333544e-02 4.33241546e-01 2.86427215e-02
      4.41125721e-01 2.44750585e-02 4.42247480e-01 2.44277567e-02
      4.46603835e-01 2.56212093e-02 4.61530298e-01 3.06039583e-02</contour2d>
    <histogram type_id="opencv-matrix">
      <rows>20</rows>
      <cols>1</cols>
      <dt>f</dt>
      <data>
        0. 0. 9.67821777e-01 0. 0. 0. 0. 0. 0. 0. 0. 0. 0. 0. 0. 0. 0.
        0. 2.97029689e-02 2.47524749e-03</data></histogram></_>
  <_><id>4</id>
    <height>1.1570751667022705e-02</height>
    <contour2d>
      4.54752713e-01 -4.86134775e-02 4.57654655e-01 -4.28045020e-02
      4.57982928e-01 -3.59796099e-02 4.53884214e-01 -1.76035333e-02
      4.52461034e-01 -1.18879257e-02 4.51010734e-01 -7.32500851e-03
      4.50308859e-01 -6.20830106e-03 4.34237599e-01 -9.44858883e-03
      4.05855179e-01 -1.59108266e-02 4.05362844e-01 -1.67932007e-02
      4.05515045e-01 -1.78892463e-02 4.06764179e-01 -2.22687311e-02
      4.07972693e-01 -2.55655609e-02 4.10667747e-01 -3.11167408e-02
      4.11971003e-01 -3.33524793e-02 4.14242148e-01 -3.67040038e-02
      4.18013692e-01 -4.12493944e-02 4.22952950e-01 -4.58685234e-02
      4.26258534e-01 -4.83165756e-02 4.33760226e-01 -5.34130409e-02</contour2d>
    <histogram type_id="opencv-matrix">
      <rows>20</rows>
      <cols>1</cols>
      <dt>f</dt>
      <data>
        0. 0. 9.71867025e-01 0. 0. 0. 0. 0. 0. 0. 0. 0. 0. 0. 0. 0. 0.
        0. 2.55754478e-02 2.55754474e-03</data></histogram></_>
  <_><id>5</id>
    <height>1.1510431766510010e-02</height>
    <contour2d>
      4.35039133e-01 -5.19358814e-02 4.32735056e-01 -5.07328287e-02
      4.04869556e-01 -4.38976698e-02 3.90928090e-01 -4.05940861e-02
      3.90092492e-01 -4.11930159e-02 3.89504731e-01 -4.32471149e-02
      3.88950258e-01 -4.65006605e-02 3.88470769e-01 -5.17649725e-02
      3.88623536e-01 -5.82067408e-02 3.89363408e-01 -6.35301694e-02
      3.90739053e-01 -6.90024570e-02 3.92903626e-01 -7.46970549e-02
      3.94472778e-01 -7.78927952e-02 3.99354398e-01 -8.63496363e-02
      4.15177166e-01 -9.03918892e-02 4.22613561e-01 -9.16396752e-02
      4.27223533e-01 -8.70291218e-02 4.28609490e-01 -8.27229023e-02
      4.31290507e-01 -7.18171373e-02 4.35016692e-01 -5.52865490e-02</contour2d>
    <histogram type_id="opencv-matrix">
      <rows>20</rows>
      <cols>1</cols>
      <dt>f</dt>
      <data>
        0. 0. 9.73684192e-01 2.39234441e-03 0. 0. 0. 0. 0. 0. 0. 0. 0.
        0. 0. 0. 0. 0. 1.91387553e-02 4.78468882e-03</data></histogram></_>
  <_><id>6</id>
    <height>1.1567831039428711e-02</height>
    <contour2d>
      4.09630358e-01 -8.33366290e-02 4.07438397e-01 -8.10276940e-02
      3.74728560e-01 -5.61704710e-02 3.73027444e-01 -5.51084131e-02
      3.71891528e-01 -5.60938939e-02 3.68558794e-01 -6.11419640e-02
      3.66877824e-01 -6.42699227e-02 3.64364564e-01 -7.03102052e-02
      3.62914532e-01 -7.52413943e-02 3.61985564e-01 -8.05026367e-02
      3.61573458e-01 -8.56013000e-02 3.61640722e-01 -8.95436332e-02
      3.62540632e-01 -1.00053072e-01 3.67328346e-01 -1.04112513e-01
      3.81448269e-01 -1.15013048e-01 3.86437088e-01 -1.13590047e-01
      3.88681918e-01 -1.11353546e-01 3.93647075e-01 -1.05546594e-01
      4.08511758e-01 -8.65319520e-02 4.09586847e-01 -8.44147354e-02</contour2d>
    <histogram type_id="opencv-matrix">
      <rows>20</rows>
      <cols>1</cols>
      <dt>f</dt>
      <data>
        0. 0. 9.68254030e-01 1.98412710e-03 0. 0. 0. 0. 0. 0. 0. 0. 0.
        0. 0. 0. 0. 0. 2.77777798e-02 1.98412710e-03</data></histogram></_>
  <_><id>7</id>
    <height>2.6921331882476807e-02</height>
    <contour2d>
      4.03868049e-01 -1.04122341e-01 3.99495542e-01 -9.96680260e-02
      3.97798896e-01 -9.93809551e-02 3.73694479e-01 -9.69127417e-02
      3.62755239e-01 -9.60501432e-02 3.62011552e-01 -9.68385786e-02
      3.59075338e-01 -1.26642197e-01 3.59224707e-01 -1.27177536e-01
      3.59685570e-01 -1.27632961e-01 3.80222857e-01 -1.29505932e-01
      3.91959667e-01 -1.30138770e-01 3.96624237e-01 -1.29333466e-01
      4.01382118e-01 -1.27788529e-01 4.02483165e-01 -1.20272242e-01</contour2d>
    <histogram type_id="opencv-matrix">
      <rows>20</rows>
      <cols>1</cols>
      <dt>f</dt>
      <data>
        0. 7.37100746e-03 9.87714946e-01 0. 0. 0. 0. 0. 0. 0. 0. 0. 0.
        0. 0. 0. 0. 0. 2.45700241e-03 2.45700241e-03</data></histogram></_>
  <_><id>8</id>
    <height>1.1484861373901367e-02</height>
    <contour2d>
      3.98304880e-01 -1.14201888e-01 3.99188429e-01 -1.12049222e-01
      3.95284057e-01 -9.13105309e-02 3.88807833e-01 -8.68715718e-02
      3.79524529e-01 -8.18366036e-02 3.76131743e-01 -8.05120394e-02
      3.72449428e-01 -7.93463737e-02 3.66815031e-01 -7.83339664e-02
      3.63204122e-01 -7.79930651e-02 3.57169688e-01 -7.79459625e-02
      3.51765156e-01 -7.85505399e-02 3.50892395e-01 -7.87845552e-02
      3.50434661e-01 -7.91543126e-02 3.50229323e-01 -7.96017796e-02
      3.50280076e-01 -8.03845525e-02 3.58020931e-01 -1.24454670e-01
      3.58517319e-01 -1.25492647e-01 3.90210748e-01 -1.20172113e-01
      3.94613922e-01 -1.18462898e-01</contour2d>
    <histogram type_id="opencv-matrix">
      <rows>20</rows>
      <cols>1</cols>
      <dt>f</dt>
      <data>
        0. 7.22021656e-03 9.24187720e-01 0. 0. 0. 0. 0. 0. 0. 0. 0. 0.
        0. 0. 0. 0. 0. 5.05415164e-02 1.80505421e-02</data></histogram></_>
  <_><id>9</id>
    <height>1.7155170440673828e-02</height>
