<?xml version="1.0"?>
<opencv_storage>
<obj>
  <_><id>1</id>
    <height>1.0382962226867676e-01</height>
    <contour2d>
      5.53571641e-01 8.51657167e-02 5.51065981e-01 8.59950259e-02
      5.34654260e-01 8.72849599e-02 5.14818251e-01 8.73428732e-02
      4.60547239e-01 8.27170089e-02 4.59702104e-01 8.24464858e-02
      4.58912998e-01 8.17514732e-02 4.54351783e-01 7.46482834e-02
      4.54312325e-01 1.40035162e-02 4.56419498e-01 -3.95655334e-02
      4.57231730e-01 -4.46169190e-02 4.57678914e-01 -4.55067977e-02
      4.59030569e-01 -4.59764637e-02 4.89834696e-01 -5.23507297e-02
      4.95547622e-01 -5.29266261e-02 5.13392568e-01 -5.30159250e-02
      5.51885903e-01 -4.76125218e-02</contour2d>
    <histogram type_id="opencv-matrix">
      <rows>20</rows>
      <cols>1</cols>
      <dt>f</dt>
      <data>
        1.48632810e-01 6.95312545e-02 1.99414060e-01 1.97265632e-02
        1.62109375e-01 5.66406269e-03 5.64453118e-02 3.32031259e-03
        1.95312503e-04 1.95312503e-04 3.90625006e-04 4.10156250e-02
        1.58398435e-01 5.27343759e-03 9.96093731e-03 6.25000009e-03
        1.38671873e-02 4.57031243e-02 5.37109375e-02 1.95312503e-04</data></histogram></_>
  <_><id>2</id>
    <height>1.0461533069610596e-01</height>
    <contour2d>
      5.27751863e-01 9.93625522e-02 5.26741862e-01 9.91986692e-02
      5.21942914e-01 9.78222936e-02 5.13714671e-01 9.42468494e-02
      4.81952429e-01 7.36608207e-02 4.61828113e-01 5.97305857e-02
      4.51037198e-01 5.10538928e-02 4.44775552e-01 4.57491241e-02
      4.21721369e-01 2.54169423e-02 4.21034455e-01 2.46387068e-02
      4.22265589e-01 1.42748542e-02 4.55684453e-01 -3.41716968e-02
      4.66664672e-01 -4.88889925e-02 4.88750607e-01 -7.78231919e-02
      4.92050678e-01 -8.12741444e-02 4.92849082e-01 -8.17429870e-02
      5.22567272e-01 -6.93546981e-02 5.25401354e-01 -6.79578781e-02
      5.40210128e-01 -5.65569513e-02 5.40562987e-01 -5.55998422e-02
      5.48329949e-01 7.68838301e-02 5.46888113e-01 7.87763000e-02
      5.28741121e-01 9.86380726e-02</contour2d>
    <histogram type_id="opencv-matrix">
      <rows>20</rows>
      <cols>1</cols>
      <dt>f</dt>
      <data>
        1.36961937e-01 6.79473504e-02 7.45286345e-02 1.12059768e-02
        1.18641056e-01 2.84596230e-03 1.08502312e-02 0. 0.
        1.77872644e-04 1.77872644e-04 1.72002852e-01 1.38562784e-01
        1.28068300e-02 1.93881188e-02 2.56136600e-02 1.90323722e-02
        1.53504089e-01 3.57524008e-02 0.</data></histogram></_>
  <_><id>3</id>
    <height>1.0800600051879883e-01</height>
    <contour2d>
      5.14639914e-01 -9.00356323e-02 5.22017837e-01 -7.78444633e-02
      5.23441613e-01 -7.49828070e-02 5.26135266e-01 -6.82091713e-02
      5.26225388e-01 -6.72269613e-02 5.09201407e-01 6.71787933e-02
      5.03767550e-01 6.99810982e-02 4.87681031e-01 7.73609504e-02
      4.62944925e-01 8.71215388e-02 4.61382449e-01 8.65043849e-02
      4.57493603e-01 8.31933767e-02 4.53122050e-01 7.78845698e-02
      4.51125950e-01 7.51198009e-02 4.33354616e-01 4.31657583e-02
      4.21737045e-01 2.08535325e-02 4.16157782e-01 7.82277901e-03
      4.01836634e-01 -2.86777373e-02 4.01611120e-01 -2.95972489e-02
      4.01859909e-01 -3.04137375e-02 4.07568932e-01 -3.78265232e-02
      4.08219874e-01 -3.83718461e-02 4.59645748e-01 -6.53296337e-02
      4.72103894e-01 -7.13763461e-02 5.09206831e-01 -8.83621052e-02
      5.14266849e-01 -9.00685564e-02</contour2d>
    <histogram type_id="opencv-matrix">
      <rows>20</rows>
      <cols>1</cols>
      <dt>f</dt>
      <data>
        2.04672143e-01 4.16777283e-02 9.39739794e-02 6.10565441e-03
        7.32678473e-02 2.92009558e-03 7.43297022e-03 0. 0. 0. 0.
        1.06981680e-01 8.28245282e-02 2.65463232e-03 2.65463232e-03
        6.90204371e-03 4.51287488e-03 3.31298113e-01 3.21210511e-02 0.</data></histogram></_>
  <_><id>4</id>
    <height>1.4198982715606689e-01</height>
    <contour2d>
      5.84294140e-01 2.36431044e-02 5.80330372e-01 3.50187309e-02
      5.76812267e-01 4.25022468e-02 5.72316647e-01 5.08441068e-02
      5.61888933e-01 6.14389963e-02 5.36759257e-01 8.08571354e-02
      5.31580150e-01 8.37386623e-02 5.17117977e-01 9.07402188e-02
      4.91841495e-01 1.00794904e-01 4.89938885e-01 9.99613330e-02
      4.86458898e-01 9.72179472e-02 4.79878902e-01 8.88883397e-02
      4.62277472e-01 5.73763028e-02 4.50168639e-01 3.40277739e-02
      4.44659889e-01 2.13348363e-02 4.30451661e-01 -1.50510157e-02
      4.30232257e-01 -1.60145741e-02 4.36527461e-01 -2.48110555e-02
      4.89968628e-01 -5.25478683e-02 5.03828466e-01 -5.93012124e-02
      5.37532091e-01 -7.46896267e-02 5.43049753e-01 -7.65874535e-02
      5.61251223e-01 -5.44904321e-02 5.80211282e-01 -1.38379801e-02
      5.81983268e-01 -9.06832144e-03 5.83794534e-01 -4.30651649e-04</contour2d>
    <histogram type_id="opencv-matrix">
      <rows>20</rows>
      <cols>1</cols>
      <dt>f</dt>
      <data>
        2.39747211e-01 5.20371124e-02 1.76953077e-01 1.25050424e-02
        7.13997632e-02 1.47909112e-03 3.89942201e-03 2.68925651e-04 0.
        0. 9.41239763e-04 8.43081921e-02 6.54833987e-02 9.14347172e-03
        1.29084308e-02 1.31773567e-02 1.33118201e-02 2.15812832e-01
        2.66236402e-02 0.</data></histogram></_>
  <_><id>5</id>
    <height>1.4357811212539673e-01</height>
    <contour2d>
      4.53548610e-01 -1.80373620e-02 4.54902649e-01 -1.58664566e-02
      4.58847910e-01 -8.21086578e-03 4.61490899e-01 -1.60068157e-03
      4.64329064e-01 8.37177783e-03 4.64326292e-01 3.05435918e-02
      4.62857425e-01 3.60265076e-02 4.61449206e-01 4.03925590e-02
      4.58641261e-01 4.68812510e-02 4.55946624e-01 5.22467420e-02
      4.53250170e-01 5.64845651e-02 4.49193656e-01 6.16991483e-02
      4.45082188e-01 6.57659322e-02 4.32230562e-01 7.56299719e-02
      4.08369571e-01 8.96077603e-02 3.96248430e-01 8.97258893e-02
      3.36263984e-01 8.51919428e-02 3.35516751e-01 8.49184692e-02
      3.34817916e-01 8.43525827e-02 3.30292463e-01 7.75153488e-02
      3.29980761e-01 1.71936229e-02 3.31738353e-01 -3.55358906e-02
      3.32741141e-01 -4.20594625e-02 3.33281130e-01 -4.29379940e-02
      3.34027708e-01 -4.32370156e-02 3.67731631e-01 -5.02989180e-02
      3.73484313e-01 -5.05813137e-02 3.87887508e-01 -5.06881624e-02
      4.14153129e-01 -4.82672490e-02 4.32608157e-01 -3.69695462e-02
      4.48209584e-01 -2.44821068e-02</contour2d>
    <histogram type_id="opencv-matrix">
      <rows>20</rows>
      <cols>1</cols>
      <dt>f</dt>
      <data>
        1.94899604e-01 1.36279717e-01 3.41449350e-01 1.70782376e-02
        1.10777751e-01 4.50034626e-03 4.06185091e-02 3.92337888e-03
        2.30786987e-04 3.46180488e-04 1.03854144e-03 1.46549735e-02
        4.61573973e-02 2.30786987e-04 5.65428101e-03 2.30786996e-03
        4.73113311e-03 3.39256860e-02 4.11954783e-02 0.</data></histogram></_>
  <_><id>6</id>
    <height>1.4348930120468140e-01</height>
    <contour2d>
      4.54715192e-01 -7.07747601e-03 4.57443774e-01 2.80864327e-03
      4.58807051e-01 1.49374241e-02 4.58788484e-01 1.71410479e-02
      4.57406074e-01 2.70213317e-02 4.55984592e-01 3.24728787e-02
      4.54572320e-01 3.68105955e-02 4.33766842e-01 9.43208039e-02
      4.32407796e-01 9.76563618e-02 4.31137443e-01 9.87014621e-02
      4.28860545e-01 9.90523025e-02 4.04609591e-01 9.26020145e-02
      3.82301539e-01 8.62401202e-02 3.59057605e-01 7.74539337e-02
      3.44738483e-01 7.10366294e-02 3.38633597e-01 6.80500716e-02
      3.11463505e-01 5.38172312e-02 3.09849113e-01 5.25334664e-02
      3.08021456e-01 4.50103059e-02 3.07829529e-01 4.36223298e-02
      3.29982072e-01 -1.37632294e-02 3.49398106e-01 -6.04205616e-02
      3.53153497e-01 -6.69536516e-02 3.53749186e-01 -6.73425421e-02
      3.89619529e-01 -6.12776987e-02 3.95714343e-01 -5.96030280e-02
      4.02618527e-01 -5.69048151e-02 4.04344261e-01 -5.59330583e-02
      4.28588092e-01 -4.00051288e-02 4.40238178e-01 -3.07662170e-02
      4.45444345e-01 -2.44068429e-02 4.51983720e-01 -1.36233978e-02</contour2d>
