<?xml version="1.0"?>
<opencv_storage>
<obj>
  <_><id>1</id>
    <height>1.0974705219268799e-02</height>
    <contour2d>
      6.12443089e-01 7.32258409e-02 6.12675071e-01 7.49808028e-02
      6.03829980e-01 1.07041739e-01 5.94670177e-01 1.38599232e-01
      5.92573106e-01 1.40108213e-01 5.29093623e-01 1.22653373e-01
      5.14249802e-01 1.18281126e-01 5.13526738e-01 1.17681809e-01
      5.12365818e-01 1.16117477e-01 5.12262702e-01 1.14848174e-01
      5.12543321e-01 1.13297760e-01 5.20403206e-01 8.44558775e-02
      5.29679537e-01 5.19798696e-02 5.31181335e-01 4.85411510e-02
      5.32469869e-01 4.85305898e-02 5.45872569e-01 5.22543229e-02
      6.05178237e-01 6.95803538e-02 6.10676289e-01 7.14601651e-02</contour2d>
    <histogram type_id="opencv-matrix">
      <rows>20</rows>
      <cols>1</cols>
      <dt>f</dt>
      <data>
        9.83090341e-01 9.32944566e-03 1.16618071e-03 0. 0. 0. 0. 0. 0.
        0. 0. 0. 0. 0. 0. 0. 0. 6.41399389e-03 0. 0.</data></histogram></_>
  <_><id>2</id>
    <height>1.0354459285736084e-02</height>
    <contour2d>
      6.26216769e-01 1.15327708e-01 5.97778678e-01 1.40775546e-01
      5.77038825e-01 1.58360183e-01 5.74965954e-01 1.57197386e-01
      5.73120773e-01 1.55374765e-01 5.23911059e-01 9.93775055e-02
      5.21277130e-01 9.54948887e-02 5.20630479e-01 9.40269902e-02
      5.21565616e-01 9.25996602e-02 5.28075755e-01 8.65327120e-02
      5.45980573e-01 7.07114562e-02 5.72363734e-01 4.81433235e-02
      5.73763311e-01 4.79969569e-02 5.77512920e-01 5.14587499e-02
      6.25915527e-01 1.08333692e-01</contour2d>
    <histogram type_id="opencv-matrix">
      <rows>20</rows>
      <cols>1</cols>
      <dt>f</dt>
      <data>
        9.86194432e-01 7.80312112e-03 1.80072023e-03 0. 0. 0. 0. 0. 0.
        0. 0. 0. 0. 0. 0. 0. 0. 4.20168042e-03 0. 0.</data></histogram></_>
  <_><id>3</id>
    <height>1.0292351245880127e-02</height>
    <contour2d>
      6.26030684e-01 1.25680625e-01 6.24262929e-01 1.27337322e-01
      5.71231663e-01 1.62414208e-01 5.67660868e-01 1.58316806e-01
      5.26189446e-01 9.30094495e-02 5.25296032e-01 9.08756331e-02
      5.24917722e-01 8.91599432e-02 5.25518060e-01 8.79358798e-02
      5.27544498e-01 8.64247680e-02 5.51461458e-01 7.09144175e-02
      5.81562817e-01 5.18971719e-02 5.83692253e-01 5.16655594e-02
      5.87376833e-01 5.51430807e-02 5.99544525e-01 7.43176192e-02
      6.15622997e-01 1.00815795e-01 6.25556111e-01 1.18643790e-01</contour2d>
    <histogram type_id="opencv-matrix">
      <rows>20</rows>
      <cols>1</cols>
      <dt>f</dt>
      <data>
        9.85705733e-01 7.14711100e-03 1.19118521e-03 0. 0. 0. 0. 0. 0.
        0. 0. 0. 0. 0. 0. 0. 0. 5.95592614e-03 0. 0.</data></histogram></_>
  <_><id>4</id>
    <height>1.0018408298492432e-02</height>
    <contour2d>
      6.23849571e-01 1.44535691e-01 5.57716131e-01 1.64476126e-01
      5.56007922e-01 1.60533965e-01 5.35400510e-01 9.01970863e-02
      5.34074783e-01 8.49759206e-02 5.33749163e-01 8.29981714e-02
      5.33814788e-01 8.16299841e-02 5.35504043e-01 8.02956000e-02
      5.64797580e-01 7.14581013e-02 5.95479012e-01 6.25854358e-02
      6.01132095e-01 6.23915270e-02 6.03016257e-01 6.58643246e-02
      6.07345819e-01 7.97618330e-02 6.23549163e-01 1.39265686e-01</contour2d>
    <histogram type_id="opencv-matrix">
      <rows>20</rows>
      <cols>1</cols>
      <dt>f</dt>
      <data>
        9.86390531e-01 7.10059144e-03 1.18343194e-03 0. 0. 0. 0. 0. 0.
        0. 0. 0. 0. 0. 0. 0. 0. 5.32544358e-03 0. 0.</data></histogram></_>
  <_><id>5</id>
    <height>1.0018289089202881e-02</height>
    <contour2d>
      6.22470260e-01 9.09217298e-02 6.23381913e-01 9.25552547e-02
      6.11485720e-01 1.41795158e-01 6.03051066e-01 1.73512027e-01
      6.02178037e-01 1.75418794e-01 5.53186595e-01 1.64360821e-01
      5.35006642e-01 1.59497336e-01 5.34457088e-01 1.58784881e-01
      5.35530806e-01 1.52097657e-01 5.52213550e-01 8.10492858e-02
      5.53257525e-01 7.76484683e-02 5.54379106e-01 7.56982863e-02
      5.63596487e-01 7.65312761e-02 6.08321190e-01 8.70311409e-02</contour2d>
    <histogram type_id="opencv-matrix">
      <rows>20</rows>
      <cols>1</cols>
      <dt>f</dt>
      <data>
        9.85915482e-01 5.86854480e-03 0. 0. 0. 0. 0. 0. 0. 0. 0. 0. 0.
        0. 0. 0. 0. 8.21596291e-03 0. 0.</data></histogram></_>
  <_><id>6</id>
    <height>1.0032236576080322e-02</height>
    <contour2d>
      6.13125980e-01 1.60750985e-01 5.43154657e-01 1.84196651e-01
      5.35436511e-01 1.86568901e-01 5.31435847e-01 1.87236041e-01
      5.08398890e-01 1.22648180e-01 5.10222852e-01 1.20756052e-01
      5.13261616e-01 1.19226992e-01 5.84937215e-01 9.44653749e-02
      5.86281896e-01 9.41702500e-02 5.88921249e-01 9.41289589e-02
      5.91087043e-01 9.59686711e-02 5.99463105e-01 1.18665837e-01
      6.13358796e-01 1.59105092e-01</contour2d>
    <histogram type_id="opencv-matrix">
      <rows>20</rows>
      <cols>1</cols>
      <dt>f</dt>
      <data>
        9.85507250e-01 6.13154983e-03 5.57413616e-04 0. 0. 0. 0. 0. 0.
        0. 0. 0. 0. 0. 0. 0. 0. 7.80379074e-03 0. 0.</data></histogram></_>
  <_><id>7</id>
    <height>1.0007083415985107e-02</height>
    <contour2d>
      5.88887274e-01 1.41564175e-01 5.60550153e-01 1.64485231e-01
      5.32658756e-01 1.84920415e-01 5.30426741e-01 1.82914525e-01
      5.28066635e-01 1.79803655e-01 4.84047264e-01 1.17788956e-01
      4.82311308e-01 1.14065126e-01 5.11562705e-01 9.22086909e-02
      5.37002265e-01 7.36983269e-02 5.37487626e-01 7.35451579e-02
      5.39915264e-01 7.34863132e-02 5.42738616e-01 7.67935514e-02</contour2d>
    <histogram type_id="opencv-matrix">
      <rows>20</rows>
      <cols>1</cols>
      <dt>f</dt>
      <data>
        9.87614393e-01 5.92353242e-03 1.07700587e-03 0. 0. 0. 0. 0. 0.
        0. 0. 0. 0. 0. 0. 0. 0. 5.38502913e-03 0. 0.</data></histogram></_>
  <_><id>8</id>
    <height>1.0055363178253174e-02</height>
    <contour2d>
      5.79034925e-01 1.50868624e-01 5.77612281e-01 1.52551740e-01
      5.43395877e-01 1.62819311e-01 5.13505697e-01 1.71201721e-01
      5.10905862e-01 1.71256110e-01 5.09618521e-01 1.68608278e-01
      4.88956362e-01 9.39774364e-02 4.87880260e-01 8.89142007e-02
      4.89762247e-01 8.77396241e-02 5.37395895e-01 7.37650469e-02
      5.53417504e-01 6.93329275e-02 5.55583358e-01 6.92348555e-02
      5.57679713e-01 7.57821128e-02 5.75302541e-01 1.37130693e-01</contour2d>
    <histogram type_id="opencv-matrix">
      <rows>20</rows>
      <cols>1</cols>
      <dt>f</dt>
      <data>
        9.89679515e-01 7.60456268e-03 0. 0. 0. 0. 0. 0. 0. 0. 0. 0. 0.
        0. 0. 0. 0. 2.71591544e-03 0. 0.</data></histogram></_>
  <_><id>9</id>
    <height>1.0057508945465088e-02</height>
    <contour2d>
      5.74009418e-01 -1.26897186e-01 5.75106084e-01 -1.23450264e-01
      5.63744783e-01 -5.75420260e-02 5.61653972e-01 -4.74490300e-02
      5.60348928e-01 -4.24544886e-02 5.54039359e-01 -4.25212644e-02
      5.27277172e-01 -4.67553996e-02 4.94994849e-01 -5.23448586e-02
      4.90843177e-01 -5.35728671e-02 4.90716845e-01 -5.67576960e-02
      4.91223723e-01 -6.02470636e-02 5.04616022e-01 -1.35110632e-01
      5.05452931e-01 -1.38168722e-01 5.14045537e-01 -1.37147576e-01
      5.57117343e-01 -1.31153166e-01</contour2d>
    <histogram type_id="opencv-matrix">
      <rows>20</rows>
      <cols>1</cols>
      <dt>f</dt>
      <data>
        9.89623129e-01 8.19224399e-03 5.46149618e-04 0. 0. 0. 0. 0. 0.
        0. 0. 0. 0. 0. 0. 0. 0. 1.63844880e-03 0. 0.</data></histogram></_>
  <_><id>10</id>
    <height>1.0064721107482910e-02</height>
    <contour2d>
      5.92963278e-01 -1.11165762e-01 5.89128613e-01 -1.05858035e-01
      5.44862747e-01 -5.03120571e-02 5.39816201e-01 -4.54084389e-02
      5.37083626e-01 -4.70683351e-02 5.14831603e-01 -6.44024163e-02
      4.86065835e-01 -8.73467922e-02 4.84790891e-01 -8.86555612e-02
      4.84979182e-01 -8.99824426e-02 4.85908836e-01 -9.17988718e-02
      4.88435775e-01 -9.52863544e-02 5.27636290e-01 -1.43375859e-01
