<?xml version="1.0"?>
<opencv_storage>
<obj>
  <_><id>1</id>
    <height>4.5543372631072998e-02</height>
    <contour2d>
      5.09186983e-01 7.66735664e-03 5.04099905e-01 2.75271740e-02
      4.94455248e-01 3.66603322e-02 4.88612562e-01 4.01063748e-02
      4.86195058e-01 4.13005538e-02 4.73375797e-01 4.11905497e-02
      4.69807953e-01 3.99399586e-02 4.67048496e-01 3.86832766e-02
      4.61511552e-01 3.49489339e-02 4.59181190e-01 3.26118208e-02
      4.57107097e-01 3.02267913e-02 4.54582214e-01 2.67551560e-02
      4.52426165e-01 2.22437438e-02 4.51112986e-01 1.88078880e-02
      4.50543404e-01 1.65082272e-02 4.49853331e-01 1.19772712e-02
      4.50380266e-01 2.89347256e-03 4.51089680e-01 -5.08006895e-04
      4.51826692e-01 -2.77346885e-03 4.53339726e-01 -6.19874708e-03
      4.56177145e-01 -1.07819280e-02 4.57989454e-01 -1.30651360e-02
      4.60135758e-01 -1.53630050e-02 4.63186502e-01 -1.77539624e-02
      4.66566622e-01 -2.00899784e-02 4.71852839e-01 -2.24950779e-02
      4.76547778e-01 -2.37774905e-02 4.81176496e-01 -2.37250272e-02
      4.88899142e-01 -2.26981808e-02 4.94208187e-01 -1.91434994e-02
      4.97064948e-01 -1.68209486e-02 5.01538336e-01 -1.09974155e-02
      5.05454838e-01 -2.85147130e-03</contour2d>
    <histogram type_id="opencv-matrix">
      <rows>20</rows>
      <cols>1</cols>
      <dt>f</dt>
      <data>
        0. 0. 0. 9.80577171e-01 1.94228645e-02 0. 0. 0. 0. 0. 0. 0. 0.
        0. 0. 0. 0. 0. 0. 0.</data></histogram></_>
  <_><id>2</id>
    <height>4.5438945293426514e-02</height>
    <contour2d>
      4.97244358e-01 4.11243439e-02 4.91381854e-01 5.59702590e-02
      4.84421968e-01 6.39328584e-02 4.73639518e-01 6.95249140e-02
      4.62430954e-01 6.92715868e-02 4.59023297e-01 6.81613907e-02
      4.53862727e-01 6.54118359e-02 4.49216455e-01 6.18084706e-02
      4.45619851e-01 5.81006557e-02 4.43776101e-01 5.58337756e-02
      4.41169739e-01 5.11993542e-02 4.39132422e-01 4.53049690e-02
      4.38707083e-01 4.30160612e-02 4.38329339e-01 3.87109108e-02
      4.38333511e-01 3.53502035e-02 4.38555866e-01 3.30449268e-02
      4.39510971e-01 2.86533516e-02 4.40508038e-01 2.53640637e-02
      4.41506505e-01 2.31226645e-02 4.43333179e-01 1.97510868e-02
      4.44961727e-01 1.75387617e-02 4.49986279e-01 1.19818561e-02
      4.51251626e-01 1.08580347e-02 4.54523206e-01 8.57744832e-03
      4.56446052e-01 7.48230843e-03 4.61975008e-01 5.22664189e-03
      4.66723502e-01 4.09132242e-03 4.75995302e-01 4.11397871e-03
      4.83228177e-01 7.57028302e-03 4.84888315e-01 8.72230995e-03
      4.95356143e-01 2.26643160e-02 4.96155739e-01 2.83869468e-02</contour2d>
    <histogram type_id="opencv-matrix">
      <rows>20</rows>
      <cols>1</cols>
      <dt>f</dt>
      <data>
        0. 0. 0. 9.59855914e-01 3.96294408e-02 0. 0. 0. 0. 0. 0. 0. 0.
        0. 0. 0. 0. 0. 0. 5.14668063e-04</data></histogram></_>
  <_><id>3</id>
    <height>4.5651614665985107e-02</height>
    <contour2d>
      4.53405201e-01 4.73396480e-02 4.54285800e-01 5.40162362e-02
      4.49398994e-01 6.91388398e-02 4.46472377e-01 7.33052269e-02
      4.43229169e-01 7.75620118e-02 4.36447233e-01 8.55058432e-02
      4.26621765e-01 8.84887278e-02 4.18528259e-01 8.83910283e-02
      4.13532436e-01 8.68583098e-02 4.11018074e-01 8.57807472e-02
      4.08441842e-01 8.42145756e-02 4.03545558e-01 8.05566534e-02
      3.99548739e-01 7.58617744e-02 3.97591054e-01 7.27764443e-02
      3.94922078e-01 6.71640635e-02 3.93728375e-01 6.36815205e-02
      3.93173486e-01 6.05323687e-02 3.92899454e-01 5.61976694e-02
      3.93300474e-01 5.09210043e-02 3.93932462e-01 4.76745330e-02
      3.95130157e-01 4.34475392e-02 3.97084832e-01 3.91986407e-02
      3.98319244e-01 3.71033028e-02 4.00759310e-01 3.40645202e-02
      4.02835101e-01 3.17668468e-02 4.05163884e-01 2.97632571e-02
      4.07900721e-01 2.77748201e-02 4.11654949e-01 2.56297123e-02
      4.17129904e-01 2.36729681e-02 4.21642244e-01 2.26506013e-02
      4.26738739e-01 2.26447843e-02 4.35073853e-01 2.39743926e-02
      4.41288441e-01 2.82880496e-02 4.46987450e-01 3.59988846e-02</contour2d>
    <histogram type_id="opencv-matrix">
      <rows>20</rows>
      <cols>1</cols>
      <dt>f</dt>
      <data>
        0. 0. 0. 9.23389137e-01 7.55961388e-02 0. 0. 0. 0. 0. 0. 0. 0.
        0. 0. 0. 0. 0. 0. 1.01471331e-03</data></histogram></_>
  <_><id>4</id>
    <height>4.5523405075073242e-02</height>
    <contour2d>
      4.26870167e-01 3.20621245e-02 4.28852379e-01 4.71694767e-02
      4.26612735e-01 5.89844622e-02 4.25536722e-01 6.11036345e-02
      4.17888254e-01 7.04427958e-02 4.13063169e-01 7.45931566e-02
      4.07385379e-01 7.76482150e-02 4.04835880e-01 7.87094906e-02
      4.01235163e-01 7.99378157e-02 3.94825488e-01 7.95645043e-02
      3.89788210e-01 7.82634541e-02 3.86855632e-01 7.70821273e-02
      3.82665396e-01 7.47272298e-02 3.79467249e-01 7.24231973e-02
      3.75972629e-01 6.89981356e-02 3.73308688e-01 6.55942559e-02
      3.72521937e-01 6.43578842e-02 3.70843083e-01 6.10253029e-02
      3.69119167e-01 5.68368211e-02 3.67970079e-01 5.05219661e-02
      3.67849827e-01 4.75247689e-02 3.68076563e-01 4.32551764e-02
      3.68453443e-01 4.01891619e-02 3.69104862e-01 3.70387286e-02
      3.70310903e-01 3.39627229e-02 3.71802509e-01 3.09101380e-02
      3.72993469e-01 2.88578663e-02 3.75276893e-01 2.57763974e-02
      3.80194932e-01 2.06481628e-02 3.81419897e-01 1.96200777e-02
      3.84614587e-01 1.75490621e-02 3.86465997e-01 1.64998751e-02
      3.92002106e-01 1.44468984e-02 3.97212684e-01 1.34663861e-02
      4.04660583e-01 1.35365836e-02 4.10851479e-01 1.57076884e-02
      4.20913726e-01 2.33196355e-02 4.22525316e-01 2.54770555e-02</contour2d>
    <histogram type_id="opencv-matrix">
      <rows>20</rows>
      <cols>1</cols>
      <dt>f</dt>
      <data>
        0. 0. 0. 9.24023509e-01 7.06259981e-02 0. 0. 0. 0. 0. 0. 0. 0.
        0. 0. 0. 0. 0. 0. 5.35045471e-03</data></histogram></_>
  <_><id>5</id>
    <height>4.5539915561676025e-02</height>
    <contour2d>
      5.04490972e-01 3.20873111e-02 5.00053942e-01 4.01600040e-02
      4.95467752e-01 4.72393669e-02 4.93949026e-01 4.84422110e-02
      4.81729478e-01 5.28025776e-02 4.75023538e-01 5.30113615e-02
      4.69525993e-01 5.14599159e-02 4.66392100e-01 5.01222871e-02
      4.63907123e-01 4.87576090e-02 4.58850563e-01 4.52477746e-02
      4.56703126e-01 4.29166481e-02 4.54758912e-01 4.05101702e-02
      4.53115851e-01 3.81494872e-02 4.51131374e-01 3.47181074e-02
      4.50182557e-01 3.24398726e-02 4.48674411e-01 2.78453659e-02
      4.47894782e-01 2.32562087e-02 4.47830617e-01 1.98577214e-02
      4.48186249e-01 1.53479846e-02 4.50064331e-01 8.55525024e-03
      4.52269614e-01 4.03894205e-03 4.54401433e-01 6.28056354e-04
      4.57011282e-01 -2.79337051e-03 4.58147734e-01 -3.93702276e-03
      4.60993350e-01 -6.23891689e-03 4.64463800e-01 -8.54757614e-03
      4.69403833e-01 -1.09095108e-02 4.72879589e-01 -1.20890643e-02
      4.79191750e-01 -1.33090476e-02 4.82163399e-01 -1.33495210e-02
      4.87692475e-01 -1.21849626e-02 4.89934325e-01 -1.10045522e-02
      4.97555673e-01 -5.18513424e-03 5.01373231e-01 6.43544830e-04
      5.04538953e-01 1.22624384e-02</contour2d>
    <histogram type_id="opencv-matrix">
      <rows>20</rows>
      <cols>1</cols>
      <dt>f</dt>
      <data>
        0. 0. 0. 9.45010126e-01 5.15953824e-02 0. 0. 0. 0. 0. 0. 0. 0.
        0. 0. 0. 0. 0. 0. 3.39443306e-03</data></histogram></_>
  <_><id>6</id>
    <height>4.5440495014190674e-02</height>
    <contour2d>
      5.08815408e-01 -1.46200592e-02 5.00687778e-01 -4.03268775e-03
      4.97530907e-01 -1.69190823e-03 4.88764852e-01 2.99138483e-03
      4.80865538e-01 2.97976774e-03 4.75367546e-01 1.80313841e-03
      4.70039248e-01 -5.18451619e-04 4.66095626e-01 -2.82226969e-03
      4.63328063e-01 -5.11418749e-03 4.57156062e-01 -1.30673936e-02
      4.55907673e-01 -1.53348679e-02 4.53978628e-01 -1.99386235e-02
      4.52683836e-01 -2.44191568e-02 4.52052683e-01 -2.99809594e-02
