<?xml version="1.0"?>
<opencv_storage>
<obj>
  <_><id>1</id>
    <height>1.2352347373962402e-02</height>
    <contour2d>
      6.55619740e-01 2.14230977e-02 6.51840031e-01 2.14019418e-02
      6.32691085e-01 1.70048457e-02 6.28961980e-01 1.56024303e-02
      6.29060149e-01 1.42544471e-02 6.29681349e-01 1.15662934e-02
      6.33523881e-01 -6.08052884e-04 6.35045409e-01 -1.96663593e-03
      6.46874905e-01 -6.10188348e-03 6.48703277e-01 -6.11031754e-03
      6.50661767e-01 -4.74426663e-03 6.52404428e-01 2.12121080e-03</contour2d>
    <histogram type_id="opencv-matrix">
      <rows>20</rows>
      <cols>1</cols>
      <dt>f</dt>
      <data>
        0. 0. 0. 0. 0. 0. 0. 0. 0. 0. 1. 0. 0. 0. 0. 0. 0. 0. 0. 0.</data></histogram></_>
  <_><id>2</id>
    <height>1.2520432472229004e-02</height>
    <contour2d>
      6.59952581e-01 3.26339006e-02 6.74649715e-01 3.58502343e-02
      6.73565865e-01 4.95007262e-02 6.64256930e-01 6.46239370e-02
      6.63914919e-01 6.47099018e-02 6.62125051e-01 6.32405728e-02
      6.46995008e-01 4.60366979e-02 6.46183848e-01 4.45980094e-02
      6.45687401e-01 4.31884564e-02 6.46712601e-01 4.18986119e-02
      6.57763600e-01 3.39520052e-02</contour2d>
    <histogram type_id="opencv-matrix">
      <rows>20</rows>
      <cols>1</cols>
      <dt>f</dt>
      <data>
        0. 0. 0. 0. 0. 0. 0. 0. 0. 0. 1. 0. 0. 0. 0. 0. 0. 0. 0. 0.</data></histogram></_>
  <_><id>3</id>
    <height>1.2494981288909912e-02</height>
    <contour2d>
      6.66667223e-01 5.21517470e-02 6.43712580e-01 5.25782034e-02
      6.38593197e-01 5.24952933e-02 6.38518691e-01 5.11264950e-02
      6.39301598e-01 3.75663638e-02 6.40221596e-01 3.48298103e-02
      6.41746044e-01 3.34950872e-02 6.52851105e-01 2.55774595e-02
      6.56535089e-01 2.84130685e-02 6.61407828e-01 3.52231674e-02</contour2d>
    <histogram type_id="opencv-matrix">
      <rows>20</rows>
      <cols>1</cols>
      <dt>f</dt>
      <data>
        0. 0. 0. 0. 0. 0. 0. 0. 0. 0. 1. 0. 0. 0. 0. 0. 0. 0. 0. 0.</data></histogram></_>
  <_><id>4</id>
    <height>1.2478232383728027e-02</height>
    <contour2d>
      6.49135947e-01 3.77292261e-02 6.50184989e-01 4.16722968e-02
      6.39586866e-01 6.47417009e-02 6.39006257e-01 6.48004040e-02
      6.29650354e-01 5.89001775e-02 6.25694752e-01 5.59986196e-02
      6.25135601e-01 5.45924902e-02 6.23955488e-01 4.11201306e-02
      6.24229193e-01 3.84484790e-02 6.37288630e-01 3.20557691e-02
      6.38625383e-01 3.20719630e-02 6.42180026e-01 3.35220620e-02</contour2d>
    <histogram type_id="opencv-matrix">
      <rows>20</rows>
      <cols>1</cols>
      <dt>f</dt>
      <data>
        0. 0. 0. 0. 0. 0. 0. 0. 0. 0. 1. 0. 0. 0. 0. 0. 0. 0. 0. 0.</data></histogram></_>
  <_><id>5</id>
    <height>4.6018362045288086e-02</height>
    <contour2d>
      6.29112601e-01 2.84312423e-02 6.31613374e-01 3.55422422e-02
      6.31561875e-01 3.68286707e-02 6.30790353e-01 4.38008346e-02
      6.28142715e-01 4.47957702e-02 6.25522137e-01 4.41330522e-02
      6.23260677e-01 4.21536267e-02 6.22346938e-01 4.10763137e-02
      6.21414661e-01 3.93415540e-02 6.21223629e-01 3.83043475e-02
      6.21260762e-01 3.54084373e-02 6.21923864e-01 3.29825319e-02
      6.22760415e-01 3.15621831e-02 6.24071896e-01 3.03595793e-02
      6.27568185e-01 2.84595620e-02</contour2d>
    <histogram type_id="opencv-matrix">
      <rows>20</rows>
      <cols>1</cols>
      <dt>f</dt>
      <data>
        0. 0. 0. 0. 0. 0. 0. 0. 0. 0. 1. 0. 0. 0. 0. 0. 0. 0. 0. 0.</data></histogram></_>
  <_><id>6</id>
    <height>4.5969903469085693e-02</height>
    <contour2d>
      6.57014251e-01 1.25698298e-01 6.58509970e-01 1.32760137e-01
      6.57030880e-01 1.40825480e-01 6.55933380e-01 1.41346201e-01
      6.54796243e-01 1.41592637e-01 6.52666807e-01 1.41608581e-01
      6.51325762e-01 1.40979603e-01 6.50077164e-01 1.39853030e-01
      6.48820758e-01 1.38451025e-01 6.47985697e-01 1.37136862e-01
      6.47684157e-01 1.36231810e-01 6.47576094e-01 1.35102376e-01
      6.47584319e-01 1.32947311e-01 6.47760153e-01 1.31885380e-01
      6.48728669e-01 1.29129425e-01 6.50655866e-01 1.27343252e-01
      6.54158056e-01 1.25537738e-01 6.54991031e-01 1.25482947e-01</contour2d>
    <histogram type_id="opencv-matrix">
      <rows>20</rows>
      <cols>1</cols>
      <dt>f</dt>
      <data>
        0. 0. 0. 0. 0. 0. 0. 0. 0. 0. 1. 0. 0. 0. 0. 0. 0. 0. 0. 0.</data></histogram></_>
  <_><id>7</id>
    <height>1.1716961860656738e-02</height>
    <contour2d>
      5.96320987e-01 7.15556219e-02 5.98249137e-01 7.53153041e-02
      5.98015726e-01 7.77350813e-02 5.84780216e-01 9.67112482e-02
      5.83357990e-01 9.68341902e-02 5.71964085e-01 8.69502053e-02
      5.71573615e-01 8.55917335e-02 5.71530998e-01 8.42979625e-02
      5.72357714e-01 7.15640932e-02 5.74136078e-01 7.03907236e-02
      5.85440397e-01 6.58059046e-02 5.86583793e-01 6.58227503e-02
      5.90438545e-01 6.73755854e-02</contour2d>
    <histogram type_id="opencv-matrix">
      <rows>20</rows>
      <cols>1</cols>
      <dt>f</dt>
      <data>
        0. 0. 0. 0. 0. 0. 0. 0. 0. 0. 1. 0. 0. 0. 0. 0. 0. 0. 0. 0.</data></histogram></_>
  <_><id>8</id>
    <height>1.2643039226531982e-02</height>
    <contour2d>
      7.96424568e-01 2.77506113e-01 7.74294615e-01 2.91470796e-01
      7.72788465e-01 2.88305402e-01 7.68128633e-01 2.76761770e-01
      7.68119514e-01 2.75250137e-01 7.75220394e-01 2.61555701e-01
      7.88622558e-01 2.63511658e-01</contour2d>
    <histogram type_id="opencv-matrix">
      <rows>20</rows>
      <cols>1</cols>
      <dt>f</dt>
      <data>
        0. 0. 0. 0. 0. 0. 0. 0. 0. 0. 9.77375627e-01 0. 0. 0. 0. 0. 0.
        0. 0. 2.26244349e-02</data></histogram></_></obj>
</opencv_storage>
