<?xml version="1.0"?>
<opencv_storage>
<obj>
  <_><id>1</id>
    <height>2.3531615734100342e-02</height>
    <contour2d>
      3.99471581e-01 1.13859996e-02 3.96140963e-01 1.37550915e-02
      3.89840364e-01 1.61204319e-02 3.86285037e-01 1.72158778e-02
      3.84309500e-01 1.72168240e-02 3.76906008e-01 1.58933252e-02
      3.73958498e-01 1.46679524e-02 3.72221977e-01 1.35108372e-02
      3.71018380e-01 1.23311467e-02 3.69073480e-01 9.95793007e-03
      3.68326932e-01 8.76885932e-03 3.67282629e-01 6.44479180e-03
      3.65479022e-01 -5.22975461e-04 3.64558995e-01 -7.49215018e-03
      3.64603043e-01 -9.81746241e-03 3.65031689e-01 -1.21613443e-02
      3.68049055e-01 -1.68842506e-02 3.72108668e-01 -2.14125421e-02
      3.74806195e-01 -2.37136316e-02 3.77037585e-01 -2.49874406e-02
      3.83328855e-01 -2.75496449e-02 3.87367100e-01 -2.89336201e-02
      3.89631659e-01 -2.89611053e-02 3.96824539e-01 -2.53401790e-02
      3.98340940e-01 -2.42014118e-02 4.02030319e-01 -2.06992645e-02
      4.02985483e-01 -1.47167966e-02 4.03036177e-01 -1.71271956e-03</contour2d>
    <histogram type_id="opencv-matrix">
      <rows>20</rows>
      <cols>1</cols>
      <dt>f</dt>
      <data>
        8.69017616e-02 2.39294693e-02 1.00755664e-02 2.01511327e-02
        4.53400500e-02 5.47858894e-01 0. 0. 0. 0. 0. 0. 0. 0. 0. 0. 0.
        2.65743077e-01 0. 0.</data></histogram></_>
  <_><id>2</id>
    <height>2.1131455898284912e-02</height>
    <contour2d>
      4.04223591e-01 -3.53079326e-02 4.07047421e-01 -3.16899419e-02
      4.10970420e-01 -2.57740598e-02 4.10896927e-01 -1.73015837e-02
      4.03086931e-01 6.60960039e-04 3.96737188e-01 5.43073379e-03
      3.93642813e-01 6.62203506e-03 3.88727784e-01 6.60129078e-03
      3.82069498e-01 5.38035342e-03 3.74961466e-01 6.46826113e-04
      3.73541474e-01 -5.25272742e-04 3.71411622e-01 -2.86571495e-03
      3.70235652e-01 -5.20275347e-03 3.69296044e-01 -8.68083164e-03
      3.69002253e-01 -1.09995930e-02 3.69163126e-01 -1.33359367e-02
      3.70744288e-01 -2.16171797e-02 3.71956259e-01 -2.63262242e-02
      3.72914672e-01 -2.74960659e-02 3.81453097e-01 -3.47345844e-02
      3.84599358e-01 -3.71157341e-02 3.89746338e-01 -3.83200943e-02
      3.90858024e-01 -3.83357629e-02 4.01486993e-01 -3.64194401e-02</contour2d>
    <histogram type_id="opencv-matrix">
      <rows>20</rows>
      <cols>1</cols>
      <dt>f</dt>
      <data>
        6.56136125e-02 1.57958698e-02 1.57958698e-02 1.94410700e-02
        4.00972068e-02 5.88092387e-01 0. 0. 0. 0. 0. 0. 0. 0. 0. 0. 0.
        2.55164057e-01 0. 0.</data></histogram></_>
  <_><id>3</id>
    <height>1.9557535648345947e-02</height>
    <contour2d>
      4.13895369e-01 -3.19787189e-02 4.14921135e-01 -2.95613259e-02
      4.16749775e-01 -1.98753066e-02 4.15991813e-01 -1.74165741e-02
      4.11832809e-01 -1.01474626e-02 4.04719800e-01 -5.38620865e-04
      3.96493405e-01 4.24852734e-03 3.92749786e-01 4.23796475e-03
      3.84467751e-01 1.83667568e-03 3.82189095e-01 6.52176794e-04
      3.79578531e-01 -1.70924014e-03 3.75321984e-01 -6.39922032e-03
      3.74471039e-01 -7.57752685e-03 3.73316079e-01 -9.92159452e-03
      3.72837037e-01 -1.22486213e-02 3.72627705e-01 -1.45818908e-02
      3.72872442e-01 -1.81123726e-02 3.73177171e-01 -1.93065088e-02
      3.74539554e-01 -2.28591934e-02 3.78406852e-01 -3.11883502e-02
      3.79547209e-01 -3.23848352e-02 3.89762610e-01 -3.85889672e-02
      3.92182827e-01 -3.98357175e-02 3.98521870e-01 -3.97450291e-02
      4.04479235e-01 -3.76121402e-02 4.09119129e-01 -3.54071185e-02</contour2d>
    <histogram type_id="opencv-matrix">
      <rows>20</rows>
      <cols>1</cols>
      <dt>f</dt>
      <data>
        6.15006126e-02 2.09102090e-02 1.47601478e-02 1.59901604e-02
        4.18204181e-02 5.84255815e-01 0. 0. 0. 0. 0. 0. 0. 0. 0. 0. 0.
        2.60762602e-01 0. 0.</data></histogram></_>
  <_><id>4</id>
    <height>1.6492247581481934e-02</height>
    <contour2d>
      4.22551453e-01 -1.27346516e-02 4.19291139e-01 -5.40123601e-03
      4.15451914e-01 -1.75437715e-03 4.05462384e-01 3.07175005e-03
      4.00554001e-01 4.26340615e-03 3.95250916e-01 4.24510939e-03
      3.91401500e-01 3.04104970e-03 3.84166807e-01 -2.89553986e-03
      3.81008893e-01 -6.43924810e-03 3.78317475e-01 -1.23170651e-02
      3.77895981e-01 -1.58293508e-02 3.78281742e-01 -2.05661915e-02
      3.80864292e-01 -2.53353212e-02 3.83609176e-01 -2.77724322e-02
      3.91469061e-01 -3.39147821e-02 4.03407902e-01 -3.54494005e-02
      4.09175098e-01 -3.42110246e-02 4.11758035e-01 -3.17594558e-02
      4.17994201e-01 -2.47264523e-02 4.21559900e-01 -1.99854132e-02</contour2d>
    <histogram type_id="opencv-matrix">
      <rows>20</rows>
      <cols>1</cols>
      <dt>f</dt>
      <data>
        6.78210706e-02 2.45310254e-02 1.58730149e-02 1.58730149e-02
        4.18470427e-02 5.62770545e-01 0. 0. 0. 0. 0. 0. 0. 0. 0. 0. 0.
        2.71284282e-01 0. 0.</data></histogram></_>
  <_><id>5</id>
    <height>1.0533869266510010e-02</height>
    <contour2d>
      4.33950365e-01 -7.93582015e-03 4.30502981e-01 -5.51328063e-04
      4.24988747e-01 4.34765127e-03 4.15566355e-01 5.53275039e-03
      4.08656001e-01 3.08350148e-03 4.05946672e-01 1.87083497e-03
      4.00672942e-01 -2.94048176e-03 3.96640986e-01 -1.25054289e-02
      3.96726251e-01 -1.96922775e-02 3.97984087e-01 -2.33036112e-02
      4.01778311e-01 -2.69675069e-02 4.03363824e-01 -2.82226503e-02
      4.07332659e-01 -2.95162350e-02 4.19681638e-01 -2.98172832e-02
      4.26564038e-01 -2.75266841e-02 4.34494525e-01 -2.02755257e-02
      4.34992462e-01 -1.28586777e-02</contour2d>
    <histogram type_id="opencv-matrix">
      <rows>20</rows>
      <cols>1</cols>
      <dt>f</dt>
      <data>
        7.09459484e-02 2.36486495e-02 1.18243247e-02 1.52027030e-02
        4.89864871e-02 5.86148679e-01 0. 0. 0. 0. 0. 0. 0. 0. 0. 0. 0.
        2.43243247e-01 0. 0.</data></histogram></_>
  <_><id>6</id>
    <height>2.9096364974975586e-02</height>
    <contour2d>
      6.08296394e-01 -1.98233128e-02 6.02289796e-01 -1.16125671e-02
      5.98077595e-01 -8.87088105e-03 5.88997722e-01 -8.89536459e-03
      5.84232271e-01 -1.02722691e-02 5.81377208e-01 -1.15545895e-02
      5.77494502e-01 -1.57195572e-02 5.73174715e-01 -2.11218372e-02
      5.72826266e-01 -2.24724561e-02 5.72740197e-01 -2.38343421e-02
      5.73423326e-01 -3.47279310e-02 5.76692760e-01 -4.03669365e-02
      5.78409433e-01 -4.28477973e-02 5.80431044e-01 -4.45050895e-02
      5.84674180e-01 -4.73247804e-02 5.92813432e-01 -4.99594249e-02
      5.94728589e-01 -5.02726287e-02 5.98115802e-01 -5.00289015e-02
      6.01715147e-01 -4.86693904e-02 6.07764125e-01 -4.18270826e-02
      6.09852433e-01 -2.66438928e-02</contour2d>
    <histogram type_id="opencv-matrix">
      <rows>20</rows>
      <cols>1</cols>
      <dt>f</dt>
      <data>
        4.16047536e-02 1.48588410e-02 1.33729568e-02 1.18870726e-02
        5.34918271e-02 6.22585416e-01 0. 0. 0. 0. 0. 0. 0. 0. 0. 0. 0.
        2.42199108e-01 0. 0.</data></histogram></_>
  <_><id>7</id>
    <height>2.2742450237274170e-02</height>
    <contour2d>
      5.77346921e-01 -8.70927125e-02 5.88067830e-01 -7.30677843e-02
      5.89242995e-01 -7.03372210e-02 5.87131858e-01 -4.84819897e-02
      5.85937142e-01 -4.71100472e-02 5.81932783e-01 -4.42179963e-02
      5.76574862e-01 -4.27857414e-02 5.67738771e-01 -4.25016657e-02
      5.62406719e-01 -4.26398478e-02 5.56719601e-01 -4.51267883e-02
      5.54321170e-01 -4.63464558e-02 5.52822053e-01 -4.76530343e-02
      5.51646531e-01 -4.89924923e-02 5.50867379e-01 -5.03761619e-02
      5.49421608e-01 -5.42364642e-02 5.48078597e-01 -5.97223304e-02
      5.49070418e-01 -6.77630305e-02 5.49532115e-01 -7.03443140e-02
      5.51910937e-01 -7.45752230e-02 5.52955687e-01 -7.59055167e-02
      5.54577053e-01 -7.75280371e-02 5.57660460e-01 -8.01701471e-02
      5.60286283e-01 -8.17848966e-02 5.71780860e-01 -8.67048278e-02</contour2d>
    <histogram type_id="opencv-matrix">
      <rows>20</rows>
      <cols>1</cols>
