<?xml version="1.0"?>
<opencv_storage>
<obj>
  <_><id>1</id>
    <height>2.3540377616882324e-02</height>
    <contour2d>
      5.13014555e-01 7.02339783e-02 4.41030800e-01 5.93033768e-02
      4.40400213e-01 5.81818596e-02 4.40083951e-01 5.61073348e-02
      4.40042078e-01 5.30707091e-02 4.41276729e-01 4.92106713e-02
      4.70083207e-01 5.78317326e-04 4.82347816e-01 -1.43110733e-02
      4.86521184e-01 -1.76572185e-02 4.88636762e-01 -1.84696931e-02
      4.89318490e-01 -1.83446240e-02 4.91049677e-01 -1.73337720e-02
      4.95777369e-01 -1.21597843e-02 5.02731562e-01 5.93836932e-03
      5.14306486e-01 6.08850047e-02 5.14375389e-01 6.29562512e-02
      5.14122486e-01 6.49687946e-02</contour2d>
    <histogram type_id="opencv-matrix">
      <rows>20</rows>
      <cols>1</cols>
      <dt>f</dt>
      <data>
        6.57640249e-02 0. 0. 0. 0. 0. 0. 0. 0. 0. 0. 0. 0. 0. 0. 0. 0.
        0. 9.34235930e-01 0.</data></histogram></_></obj>
</opencv_storage>
