<?xml version="1.0"?>
<opencv_storage>
<obj>
  <_><id>1</id>
    <height>4.5632779598236084e-02</height>
    <contour2d>
      5.23899972e-01 -1.69098601e-02 5.23824930e-01 -1.22261876e-02
      5.22190690e-01 -5.19629521e-03 5.19245148e-01 1.80788245e-03
      5.17757356e-01 4.13225591e-03 5.14680445e-01 7.59943156e-03
      5.07530034e-01 1.33132003e-02 4.98999685e-01 1.66398771e-02
      4.84563410e-01 1.64044257e-02 4.80625749e-01 1.52251748e-02
      4.77768719e-01 1.40605485e-02 4.73878533e-01 1.17801884e-02
      4.68593538e-01 7.27891084e-03 4.67546523e-01 6.16492191e-03
      4.65899527e-01 3.93557409e-03 4.64479446e-01 1.71677396e-03
      4.62723076e-01 -1.59847375e-03 4.61780936e-01 -3.80499288e-03
      4.60165173e-01 -9.30258352e-03 4.59906727e-01 -1.25968074e-02
      4.59971756e-01 -1.70011632e-02 4.60129380e-01 -1.92106646e-02
      4.60729033e-01 -2.25514434e-02 4.61701721e-01 -2.58678142e-02
      4.63114768e-01 -2.92218644e-02 4.65811312e-01 -3.37310247e-02
      4.67524558e-01 -3.60301509e-02 4.69725847e-01 -3.82990986e-02
      4.72561985e-01 -4.06429283e-02 4.76053864e-01 -4.30744402e-02
      4.78432298e-01 -4.42682020e-02 4.81703877e-01 -4.55724038e-02
      4.86986130e-01 -4.69130017e-02 4.93635833e-01 -4.71805744e-02
      4.98972684e-01 -4.62489203e-02 5.04698992e-01 -4.41978425e-02
      5.10662377e-01 -4.09865342e-02 5.16589284e-01 -3.54024991e-02
      5.19365728e-01 -3.08223236e-02 5.22400379e-01 -2.38988996e-02</contour2d>
    <histogram type_id="opencv-matrix">
      <rows>20</rows>
      <cols>1</cols>
      <dt>f</dt>
      <data>
        0. 0. 0. 0. 9.25366879e-01 7.46331215e-02 0. 0. 0. 0. 0. 0. 0.
        0. 0. 0. 0. 0. 0. 0.</data></histogram></_>
  <_><id>2</id>
    <height>4.5646429061889648e-02</height>
    <contour2d>
      4.89823818e-01 3.68609242e-02 4.89774466e-01 4.02529500e-02
      4.88201052e-01 4.80929837e-02 4.87064272e-01 5.25795072e-02
      4.81150657e-01 6.12311810e-02 4.72626507e-01 6.73740581e-02
      4.68539536e-01 6.93203881e-02 4.65851158e-01 7.02443719e-02
      4.61760342e-01 7.10540935e-02 4.48730499e-01 7.01601729e-02
      4.44975793e-01 6.88317716e-02 4.40368354e-01 6.64267167e-02
      4.38687205e-01 6.51853234e-02 4.35947806e-01 6.28336668e-02
      4.33692396e-01 6.05822615e-02 4.31064278e-01 5.72028905e-02
      4.28790778e-01 5.28328754e-02 4.27425742e-01 4.95533124e-02
      4.26515639e-01 4.63489182e-02 4.26086843e-01 4.41618711e-02
      4.25855935e-01 4.09441218e-02 4.25874621e-01 3.66979800e-02
      4.26050276e-01 3.45925242e-02 4.26478803e-01 3.25101577e-02
      4.27692324e-01 2.82868017e-02 4.28988039e-01 2.51262616e-02
      4.31360602e-01 2.09034272e-02 4.33725297e-01 1.77329648e-02
      4.37335372e-01 1.45664122e-02 4.40033615e-01 1.24541093e-02
      4.41690147e-01 1.14033092e-02 4.45915282e-01 9.28751100e-03
      4.49197382e-01 8.21878854e-03 4.53973472e-01 7.17578828e-03
      4.60991025e-01 7.21345842e-03 4.66233075e-01 8.35567992e-03
      4.71495211e-01 1.06203286e-02 4.75700468e-01 1.28991753e-02
      4.79901999e-01 1.63173787e-02 4.82552677e-01 1.97278429e-02
      4.86904681e-01 2.65901927e-02 4.88472342e-01 3.00304480e-02</contour2d>
    <histogram type_id="opencv-matrix">
      <rows>20</rows>
      <cols>1</cols>
      <dt>f</dt>
      <data>
        0. 0. 0. 0. 9.29060876e-01 7.09391385e-02 0. 0. 0. 0. 0. 0. 0.
        0. 0. 0. 0. 0. 0. 0.</data></histogram></_>
  <_><id>3</id>
    <height>4.5651137828826904e-02</height>
    <contour2d>
      4.88576561e-01 1.19373854e-02 4.88229483e-01 2.77509205e-02
      4.86841023e-01 3.22299376e-02 4.84200358e-01 3.77876833e-02
      4.78486538e-01 4.42876592e-02 4.74501044e-01 4.74739559e-02
      4.64826316e-01 5.14313467e-02 4.59625840e-01 5.22814170e-02
      4.51866508e-01 5.18960729e-02 4.46846873e-01 5.05695120e-02
      4.41567004e-01 4.81303260e-02 4.35487002e-01 4.35668752e-02
      4.31533694e-01 3.90995108e-02 4.30077791e-01 3.68904211e-02
      4.27874476e-01 3.25664803e-02 4.26097184e-01 2.71575525e-02
      4.25623924e-01 2.28726026e-02 4.25576359e-01 1.75635330e-02
      4.25882548e-01 1.43937599e-02 4.26614821e-01 1.12327300e-02
      4.27654117e-01 8.04417115e-03 4.29705024e-01 3.78771452e-03
      4.33599800e-01 -1.55112101e-03 4.37137753e-01 -4.77859005e-03
      4.41371232e-01 -8.04189499e-03 4.43464339e-01 -9.15510394e-03
      4.49859560e-01 -1.13930106e-02 4.63379562e-01 -1.15248021e-02
      4.67433959e-01 -1.04637267e-02 4.70172048e-01 -9.38186422e-03
      4.74457294e-01 -7.19327806e-03 4.80016768e-01 -2.74615642e-03
      4.82624888e-01 6.20259612e-04 4.85357940e-01 5.13007026e-03</contour2d>
    <histogram type_id="opencv-matrix">
      <rows>20</rows>
      <cols>1</cols>
      <dt>f</dt>
      <data>
        0. 0. 0. 0. 9.26995575e-01 7.30044097e-02 0. 0. 0. 0. 0. 0. 0.
        0. 0. 0. 0. 0. 0. 0.</data></histogram></_>
  <_><id>4</id>
    <height>4.5623898506164551e-02</height>
    <contour2d>
      4.52628851e-01 3.87893915e-02 4.48788643e-01 4.95175309e-02
      4.47313249e-01 5.15982397e-02 4.44444418e-01 5.46665341e-02
      4.35495943e-01 6.16767555e-02 4.27785069e-01 6.43622354e-02
      4.24328834e-01 6.52307421e-02 4.12481546e-01 6.44923151e-02
      4.08824176e-01 6.31977245e-02 4.04136539e-01 6.08242042e-02
      4.02435780e-01 5.96089177e-02 3.97462308e-01 5.51424734e-02
      3.94760132e-01 5.20030111e-02 3.93357575e-01 4.98432070e-02
      3.92277539e-01 4.77444790e-02 3.90969455e-01 4.45894785e-02
      3.89893681e-01 4.14784029e-02 3.88922989e-01 3.63425612e-02
      3.88779819e-01 3.32591422e-02 3.88856798e-01 3.12240552e-02
      3.89838576e-01 2.51078084e-02 3.90782684e-01 2.20507830e-02
      3.93209696e-01 1.69831403e-02 3.95191640e-01 1.39227463e-02
      3.96760881e-01 1.18989088e-02 3.98835063e-01 9.85410158e-03
      4.01196748e-01 7.81027041e-03 4.03897583e-01 5.76244341e-03
      4.07795966e-01 3.70421284e-03 4.13684309e-01 1.62773044e-03
      4.22354162e-01 5.84026100e-04 4.28352147e-01 1.65215204e-03
      4.31979477e-01 2.72625173e-03 4.34603333e-01 3.80557869e-03
      4.38140363e-01 5.96670667e-03 4.44541037e-01 1.14137121e-02
      4.47174162e-01 1.46988723e-02 4.50166792e-01 1.91086493e-02
      4.51319635e-01 2.23940630e-02 4.52465594e-01 2.78656222e-02</contour2d>
    <histogram type_id="opencv-matrix">
      <rows>20</rows>
      <cols>1</cols>
      <dt>f</dt>
      <data>
        0. 0. 0. 0. 9.18296874e-01 8.17031041e-02 0. 0. 0. 0. 0. 0. 0.
        0. 0. 0. 0. 0. 0. 0.</data></histogram></_>
  <_><id>5</id>
    <height>4.5585036277770996e-02</height>
    <contour2d>
      4.22889024e-01 -2.79754866e-02 4.22790617e-01 -1.21057015e-02
      4.21555817e-01 -7.86600821e-03 4.16625053e-01 5.79562678e-04
      4.07977819e-01 7.85973575e-03 4.04460520e-01 9.90615506e-03
      4.02126312e-01 1.09173963e-02 3.98464888e-01 1.19025474e-02
      3.93309474e-01 1.28832618e-02 3.88774604e-01 1.28241163e-02
      3.82872790e-01 1.17228581e-02 3.79599422e-01 1.06737576e-02
      3.77219439e-01 9.63425357e-03 3.73849154e-01 7.58892903e-03
      3.71155679e-01 5.55585278e-03 3.67044747e-01 1.54702482e-03
      3.64816725e-01 -1.44060701e-03 3.63613605e-01 -3.42417695e-03
      3.61704558e-01 -7.38590583e-03 3.60633343e-01 -1.03488797e-02
      3.59524310e-01 -1.62705462e-02 3.59362841e-01 -1.92259811e-02
      3.59505773e-01 -2.12149005e-02 3.60007405e-01 -2.51446087e-02
      3.60591263e-01 -2.81725749e-02 3.61609697e-01 -3.11726835e-02
      3.63509089e-01 -3.51843275e-02 3.66235048e-01 -3.93292941e-02
      3.70034635e-01 -4.34269719e-02 3.74419153e-01 -4.66405600e-02
      3.78463179e-01 -4.89478670e-02 3.81293565e-01 -5.00401184e-02
      3.86315405e-01 -5.13875559e-02 3.92571867e-01 -5.16493767e-02
      3.98577869e-01 -5.09695411e-02 4.07998562e-01 -4.73055020e-02
      4.14047062e-01 -4.23696376e-02 4.16260034e-01 -3.92988548e-02
      4.21415567e-01 -3.10857724e-02</contour2d>
    <histogram type_id="opencv-matrix">
      <rows>20</rows>
