<?xml version="1.0"?>
<opencv_storage>
<obj>
  <_><id>1</id>
    <height>2.0697391033172607e-01</height>
    <contour2d>
      4.98705268e-01 8.50385204e-02 4.99356449e-01 8.65008906e-02
      5.06818414e-01 1.19764894e-01 5.07336199e-01 1.24392785e-01
      4.85611826e-01 1.58173397e-01 4.63457972e-01 1.73591942e-01
      4.61407512e-01 1.73671961e-01 4.58136111e-01 1.72518283e-01
      4.55918372e-01 1.71153769e-01 4.53265339e-01 1.69237524e-01
      4.48654801e-01 1.65127888e-01 4.46038216e-01 1.62094444e-01
      4.44280177e-01 1.59713104e-01 4.42581624e-01 1.56975299e-01
      4.41512376e-01 1.54807940e-01 4.40340251e-01 1.51690707e-01
      4.39645797e-01 1.48753896e-01 4.39101398e-01 1.42859578e-01
      4.39114720e-01 1.41352698e-01 4.39452261e-01 1.39222443e-01
      4.40060437e-01 1.37197733e-01 4.40860361e-01 1.35241508e-01
      4.43075776e-01 1.30842924e-01 4.44913149e-01 1.27768233e-01
      4.50367957e-01 1.20396845e-01 4.61216718e-01 1.08832501e-01
      4.66613770e-01 1.03514172e-01 4.71165955e-01 9.93249491e-02
      4.75055039e-01 9.60920379e-02 4.79237556e-01 9.29059684e-02
      4.88537699e-01 8.66498798e-02 4.90861595e-01 8.55553895e-02
      4.94224846e-01 8.46820101e-02</contour2d>
    <histogram type_id="opencv-matrix">
      <rows>20</rows>
      <cols>1</cols>
      <dt>f</dt>
      <data>
        1.52439019e-03 0. 4.34451215e-02 9.37500000e-02 7.85823166e-01
        1.52439019e-03 0. 0. 0. 1.52439019e-03 2.21036579e-02
        1.44817065e-02 2.05792673e-02 0. 0. 0. 0. 0. 1.52439019e-02 0.</data></histogram></_>
  <_><id>2</id>
    <height>2.2999417781829834e-01</height>
    <contour2d>
      5.54624677e-01 1.02411896e-01 5.50800204e-01 1.30098820e-01
      5.26382148e-01 1.60378844e-01 5.23315132e-01 1.62911505e-01
      4.94985193e-01 1.74625382e-01 4.91821378e-01 1.72294050e-01
      4.88475263e-01 1.69430017e-01 4.86113548e-01 1.66886732e-01
      4.84346122e-01 1.64629951e-01 4.82561618e-01 1.61724910e-01
      4.81181383e-01 1.59037560e-01 4.79750484e-01 1.55637905e-01
      4.78515089e-01 1.51994959e-01 4.77635205e-01 1.48041308e-01
      4.77252424e-01 1.45373389e-01 4.77035344e-01 1.42005876e-01
      4.77118611e-01 1.39599636e-01 4.77589160e-01 1.36120394e-01
      4.78236794e-01 1.33703306e-01 4.80468094e-01 1.28177494e-01
      4.81614649e-01 1.26197800e-01 4.83392507e-01 1.24106206e-01
      4.87339586e-01 1.20909005e-01 4.92144197e-01 1.17944978e-01
      4.95634973e-01 1.16028637e-01 5.04868865e-01 1.12222493e-01
      5.19363999e-01 1.07448645e-01 5.29233932e-01 1.04774639e-01
      5.38347363e-01 1.03074692e-01 5.50488472e-01 1.01781175e-01
      5.52801073e-01 1.01856560e-01</contour2d>
    <histogram type_id="opencv-matrix">
      <rows>20</rows>
      <cols>1</cols>
      <dt>f</dt>
      <data>
        0. 0. 4.12371159e-02 7.62886629e-02 7.00000048e-01
        4.12371149e-03 0. 0. 0. 1.03092787e-03 2.57731974e-02
        9.27835051e-03 8.24742299e-03 0. 0. 0. 0. 0. 1.54639184e-02
        1.18556708e-01</data></histogram></_>
  <_><id>3</id>
    <height>2.2993749380111694e-01</height>
    <contour2d>
      5.62782228e-01 1.28193095e-01 5.39457679e-01 1.68162689e-01
      5.36486745e-01 1.70796335e-01 5.12983918e-01 1.77534401e-01
      5.11755884e-01 1.77416131e-01 5.04566729e-01 1.74731597e-01
      4.99969542e-01 1.72758758e-01 4.97153431e-01 1.71151325e-01
      4.95507002e-01 1.70052230e-01 4.93550539e-01 1.68413222e-01
      4.92392927e-01 1.67111486e-01 4.91345048e-01 1.65476218e-01
      4.89949167e-01 1.62550271e-01 4.88365322e-01 1.58636048e-01
      4.87364739e-01 1.55125841e-01 4.86851901e-01 1.52425081e-01
      4.86560345e-01 1.48526311e-01 4.86614823e-01 1.45157069e-01
      4.87077862e-01 1.40655115e-01 4.87589866e-01 1.37823060e-01
      4.88504171e-01 1.34495690e-01 4.89575922e-01 1.31457612e-01
      4.90845859e-01 1.28660575e-01 4.93219495e-01 1.24847248e-01
      4.94248390e-01 1.23518489e-01 4.96560067e-01 1.21134564e-01
      5.00875115e-01 1.17666289e-01 5.02553642e-01 1.16674222e-01
      5.05206347e-01 1.15684144e-01 5.08794844e-01 1.14952423e-01
      5.14944553e-01 1.14386179e-01 5.31441927e-01 1.15737304e-01
      5.42227626e-01 1.17323294e-01 5.53089559e-01 1.19636275e-01
      5.54480970e-01 1.20423928e-01 5.58241129e-01 1.23549126e-01</contour2d>
    <histogram type_id="opencv-matrix">
      <rows>20</rows>
      <cols>1</cols>
      <dt>f</dt>
      <data>
        2.08333344e-03 3.95833366e-02 1.87500007e-02 4.79166694e-02
        4.75000024e-01 3.95833366e-02 1.25000011e-02 6.25000056e-03
        6.25000056e-03 2.08333344e-03 1.25000011e-02 2.08333344e-03 0.
        0. 0. 0. 0. 0. 8.33333377e-03 3.27083349e-01</data></histogram></_>
  <_><id>4</id>
    <height>2.2996294498443604e-01</height>
    <contour2d>
      5.18148243e-01 1.23510368e-01 5.21993220e-01 1.22806743e-01
      5.26412368e-01 1.22546367e-01 5.28640747e-01 1.22632720e-01
      5.50596595e-01 1.45835891e-01 5.53418040e-01 1.50190577e-01
      5.52099764e-01 1.87355325e-01 5.44303179e-01 2.12330401e-01
      5.41719913e-01 2.13289127e-01 5.39557636e-01 2.12592140e-01
      5.35462379e-01 2.10007057e-01 5.30939221e-01 2.06744790e-01
      5.23199141e-01 2.00407267e-01 5.16662002e-01 1.94220662e-01
      5.12407362e-01 1.89907730e-01 5.01805425e-01 1.78393498e-01
      4.97113764e-01 1.71543181e-01 4.95664388e-01 1.68918520e-01
      4.93686795e-01 1.64875880e-01 4.92300004e-01 1.61094621e-01
      4.91955936e-01 1.59756079e-01 4.91700292e-01 1.57260239e-01
      4.92096096e-01 1.54283985e-01 4.93101001e-01 1.49432212e-01
      4.93980706e-01 1.46671399e-01 4.94938165e-01 1.44322246e-01
      4.95955318e-01 1.42203569e-01 4.97807354e-01 1.39202267e-01
      4.99935776e-01 1.36339217e-01 5.02901316e-01 1.33004934e-01
      5.05201876e-01 1.30821109e-01 5.07614136e-01 1.28897220e-01
      5.10042012e-01 1.27215013e-01 5.12847066e-01 1.25585154e-01
      5.15349329e-01 1.24449953e-01</contour2d>
    <histogram type_id="opencv-matrix">
      <rows>20</rows>
      <cols>1</cols>
      <dt>f</dt>
      <data>
        9.84754860e-02 5.60362563e-02 1.48331270e-01 1.05892047e-01
        1.17428921e-01 8.69386047e-02 0. 0. 0. 1.64812524e-03
        1.12484545e-01 1.59456119e-01 4.20271941e-02 8.24062619e-04 0.
        0. 4.12031310e-04 2.47218786e-03 1.23609393e-03 6.63370416e-02</data></histogram></_>
  <_><id>5</id>
    <height>2.2999501228332520e-01</height>
    <contour2d>
      5.31775951e-01 8.30977559e-02 5.32628477e-01 8.33617747e-02
      5.37566841e-01 8.68201405e-02 5.45888960e-01 1.10493161e-01
      5.44305980e-01 1.50435284e-01 5.30928314e-01 1.64964050e-01
      5.14531612e-01 1.77703381e-01 5.11772573e-01 1.77812099e-01
      5.09857178e-01 1.77005678e-01 5.07754445e-01 1.75703838e-01
      5.06313503e-01 1.74277201e-01 5.04669368e-01 1.71553165e-01
      5.01738369e-01 1.63857311e-01 5.00052094e-01 1.58726484e-01
      4.97363776e-01 1.48772821e-01 4.95851427e-01 1.41343221e-01
      4.94346201e-01 1.31534636e-01 4.92907107e-01 1.19375207e-01
      4.92941469e-01 1.13389455e-01 4.93714482e-01 1.06148772e-01
      4.94393378e-01 1.02730654e-01 4.95568037e-01 9.91872996e-02
      4.96296942e-01 9.76993889e-02 4.98057455e-01 9.55019742e-02
      5.03073633e-01 9.08009335e-02 5.06237209e-01 8.85873437e-02
      5.09069741e-01 8.69873613e-02 5.12189806e-01 8.56506601e-02
      5.14522374e-01 8.48650187e-02 5.20432472e-01 8.34103078e-02
      5.23213446e-01 8.30385387e-02 5.25873601e-01 8.28850344e-02
      5.28897762e-01 8.28775913e-02</contour2d>
    <histogram type_id="opencv-matrix">
      <rows>20</rows>
      <cols>1</cols>
      <dt>f</dt>
      <data>
        9.82633531e-02 4.41855341e-02 1.43328205e-01 1.26401410e-01
        1.20685868e-01 7.73796439e-02 0. 0. 0. 3.73708503e-03
        1.26621231e-01 1.54319629e-01 6.44097626e-02 0. 0. 0. 0. 0.
        4.39657085e-03 3.62717099e-02</data></histogram></_>
  <_><id>6</id>
    <height>2.2997808456420898e-01</height>
    <contour2d>
