<?xml version="1.0"?>
<opencv_storage>
<obj>
  <_><id>1</id>
    <height>3.0236303806304932e-02</height>
    <contour2d>
      4.30601299e-01 6.04511052e-03 4.14156914e-01 7.03223702e-03
      3.71752053e-01 7.73239881e-03 3.56329203e-01 7.77592231e-03
      3.55983704e-01 6.78015314e-03 3.54534328e-01 -4.00749743e-02
      3.54584605e-01 -4.21679765e-02 3.54880571e-01 -4.32612747e-02
      3.56428564e-01 -4.35874909e-02 4.23578471e-01 -4.36669849e-02
      4.30979609e-01 -4.28915434e-02 4.31171656e-01 -3.96529026e-02
      4.31608677e-01 2.77981162e-03 4.31488156e-01 3.86777380e-03</contour2d>
    <histogram type_id="opencv-matrix">
      <rows>20</rows>
      <cols>1</cols>
      <dt>f</dt>
      <data>
        1. 0. 0. 0. 0. 0. 0. 0. 0. 0. 0. 0. 0. 0. 0. 0. 0. 0. 0. 0.</data></histogram></_>
  <_><id>2</id>
    <height>3.0165612697601318e-02</height>
    <contour2d>
      4.42765236e-01 -3.46127711e-02 4.42919701e-01 -3.35273780e-02
      4.33929086e-01 -3.76341981e-03 4.29001749e-01 1.03768511e-02
      4.27907139e-01 1.14546493e-02 4.26766813e-01 1.18482923e-02
      4.24359173e-01 1.14494218e-02 4.20211166e-01 1.03399642e-02
      3.58749866e-01 -7.52736581e-03 3.56363684e-01 -8.72834586e-03
      3.68551731e-01 -5.34308366e-02 3.69580299e-01 -5.66503927e-02
      3.70551169e-01 -5.77406026e-02 4.29689616e-01 -3.95766497e-02
      4.41633850e-01 -3.56850438e-02</contour2d>
    <histogram type_id="opencv-matrix">
      <rows>20</rows>
      <cols>1</cols>
      <dt>f</dt>
      <data>
        1. 0. 0. 0. 0. 0. 0. 0. 0. 0. 0. 0. 0. 0. 0. 0. 0. 0. 0. 0.</data></histogram></_>
  <_><id>3</id>
    <height>3.0183970928192139e-02</height>
    <contour2d>
      4.52114075e-01 -2.16102879e-02 4.44385856e-01 -1.04221683e-02
      4.30050075e-01 9.29606333e-03 4.25137043e-01 1.57446899e-02
      4.24072802e-01 1.68153308e-02 4.22656983e-01 1.71944909e-02
      4.21909988e-01 1.69252139e-02 4.16850388e-01 1.35522736e-02
      3.83783907e-01 -9.81460605e-03 3.62798512e-01 -2.49440074e-02
      3.62393439e-01 -2.55330354e-02 3.62518191e-01 -2.65066270e-02
      3.88579667e-01 -6.42955080e-02 3.90282154e-01 -6.64604157e-02
      3.91612232e-01 -6.74568638e-02 4.51014459e-01 -2.38169450e-02
      4.52105999e-01 -2.27209311e-02</contour2d>
    <histogram type_id="opencv-matrix">
      <rows>20</rows>
      <cols>1</cols>
      <dt>f</dt>
      <data>
        1. 0. 0. 0. 0. 0. 0. 0. 0. 0. 0. 0. 0. 0. 0. 0. 0. 0. 0. 0.</data></histogram></_>
  <_><id>4</id>
    <height>3.0203104019165039e-02</height>
    <contour2d>
      4.56156820e-01 -1.05413031e-02 4.43043798e-01 6.07780763e-04
      4.27370846e-01 1.36033045e-02 4.19075280e-01 1.99575182e-02
      4.17739987e-01 1.99797209e-02 3.70754272e-01 -3.53527181e-02
      3.70220244e-01 -3.70852761e-02 4.06617343e-01 -6.87459782e-02
      4.08240199e-01 -6.98235556e-02 4.12062496e-01 -6.55106455e-02
      4.45337415e-01 -2.58718356e-02 4.56180006e-01 -1.16577586e-02</contour2d>
    <histogram type_id="opencv-matrix">
      <rows>20</rows>
      <cols>1</cols>
      <dt>f</dt>
      <data>
        1. 0. 0. 0. 0. 0. 0. 0. 0. 0. 0. 0. 0. 0. 0. 0. 0. 0. 0. 0.</data></histogram></_>
  <_><id>5</id>
    <height>3.0195057392120361e-02</height>
    <contour2d>
      4.57504719e-01 -1.61792804e-03 4.56347764e-01 -5.00345195e-04
      4.32557523e-01 1.25878919e-02 4.16327566e-01 2.09622681e-02
      4.14385200e-01 2.12304648e-02 4.13973421e-01 2.10872870e-02
      4.09454823e-01 1.34504549e-02 3.78192514e-01 -4.19080742e-02
      3.77853155e-01 -4.37946767e-02 3.78064007e-01 -4.40936089e-02
      4.20596123e-01 -6.86152354e-02 4.23144400e-01 -6.51699379e-02
      4.25790727e-01 -6.10384457e-02 4.37305391e-01 -4.09701765e-02
      4.48086798e-01 -2.15220377e-02 4.57537264e-01 -2.73536518e-03</contour2d>
    <histogram type_id="opencv-matrix">
      <rows>20</rows>
      <cols>1</cols>
      <dt>f</dt>
      <data>
        1. 0. 0. 0. 0. 0. 0. 0. 0. 0. 0. 0. 0. 0. 0. 0. 0. 0. 0. 0.</data></histogram></_>
  <_><id>6</id>
    <height>3.0217587947845459e-02</height>
    <contour2d>
      4.57457215e-01 5.08451741e-03 4.56284255e-01 6.19633170e-03
      4.33902502e-01 1.47892460e-02 4.12719935e-01 2.19573248e-02
      4.11654115e-01 2.20605191e-02 4.11089540e-01 2.19604131e-02
      4.10572350e-01 2.10280772e-02 4.08357322e-01 1.55805126e-02
      3.84823859e-01 -4.63418551e-02 3.84796262e-01 -4.75772917e-02
      3.84978950e-01 -4.82488126e-02 4.29480076e-01 -6.58216774e-02
      4.32045728e-01 -6.35911673e-02 4.33450341e-01 -6.15179725e-02
      4.35112596e-01 -5.83906434e-02 4.57781345e-01 3.97110404e-03</contour2d>
    <histogram type_id="opencv-matrix">
      <rows>20</rows>
      <cols>1</cols>
      <dt>f</dt>
      <data>
        1. 0. 0. 0. 0. 0. 0. 0. 0. 0. 0. 0. 0. 0. 0. 0. 0. 0. 0. 0.</data></histogram></_>
  <_><id>7</id>
    <height>3.0207931995391846e-02</height>
    <contour2d>
      4.57433283e-01 5.08417748e-03 4.56268609e-01 6.19606022e-03
      4.33886409e-01 1.47885270e-02 4.12712872e-01 2.19568219e-02
      4.11106944e-01 2.19616499e-02 4.10579205e-01 2.10285466e-02
      4.08366323e-01 1.55809736e-02 3.84828776e-01 -4.63426523e-02
      3.84814382e-01 -4.77980822e-02 3.84964883e-01 -4.82463986e-02
      4.29439127e-01 -6.58134297e-02 4.32048321e-01 -6.35916516e-02
      4.33446407e-01 -6.15172237e-02 4.35103267e-01 -5.83889894e-02
      4.50769126e-01 -1.60325915e-02 4.57661867e-01 3.96977086e-03</contour2d>
    <histogram type_id="opencv-matrix">
      <rows>20</rows>
      <cols>1</cols>
      <dt>f</dt>
      <data>
        9.99999940e-01 0. 0. 0. 0. 0. 0. 0. 0. 0. 0. 0. 0. 0. 0. 0. 0.
        0. 0. 0.</data></histogram></_>
  <_><id>8</id>
    <height>3.0186593532562256e-02</height>
    <contour2d>
      4.61480826e-01 -4.42372635e-02 4.57306713e-01 -1.72488429e-02
      4.53478158e-01 5.06497361e-03 4.50739145e-01 1.94749311e-02
      4.49533403e-01 2.49985326e-02 4.47874665e-01 2.86185183e-02
      4.44476038e-01 2.81933118e-02 4.21117336e-01 2.42878888e-02
      4.01706934e-01 2.06484683e-02 4.00063157e-01 1.96477473e-02
      3.99927497e-01 1.86321735e-02 4.02564675e-01 1.65718608e-03
      4.11567092e-01 -5.30628599e-02 4.12042409e-01 -5.40270358e-02
      4.12377179e-01 -5.42356223e-02 4.36487615e-01 -4.97283079e-02
      4.49452460e-01 -4.70420420e-02</contour2d>
    <histogram type_id="opencv-matrix">
      <rows>20</rows>
      <cols>1</cols>
      <dt>f</dt>
      <data>
        1. 0. 0. 0. 0. 0. 0. 0. 0. 0. 0. 0. 0. 0. 0. 0. 0. 0. 0. 0.</data></histogram></_>
  <_><id>9</id>
    <height>3.0252277851104736e-02</height>
    <contour2d>
      4.72364038e-01 -2.54389085e-02 4.72378016e-01 -2.43066028e-02
      4.64221895e-01 -8.37526750e-03 4.48041201e-01 2.16339398e-02
      4.38958138e-01 3.67948413e-02 4.37508494e-01 3.89195047e-02
      4.36931103e-01 3.93564999e-02 4.35368985e-01 3.88698876e-02
      4.13876772e-01 2.73274500e-02 3.94799292e-01 1.63154323e-02
      3.94202322e-01 1.52781038e-02 3.94549787e-01 1.43260024e-02
      3.98323417e-01 6.93685422e-03 4.28413749e-01 -4.96734232e-02
      4.29527670e-01 -5.06422818e-02 4.53426689e-01 -3.72134931e-02
      4.69725490e-01 -2.76403390e-02</contour2d>
    <histogram type_id="opencv-matrix">
      <rows>20</rows>
      <cols>1</cols>
      <dt>f</dt>
      <data>
        1. 0. 0. 0. 0. 0. 0. 0. 0. 0. 0. 0. 0. 0. 0. 0. 0. 0. 0. 0.</data></histogram></_>
  <_><id>10</id>
    <height>3.0135035514831543e-02</height>
    <contour2d>
      4.76734310e-01 5.18194912e-03 4.76585984e-01 7.45585654e-03
      4.74099129e-01 9.71339643e-03 4.32262748e-01 3.76174599e-02
      4.16190952e-01 4.78266142e-02 4.15843248e-01 4.76923771e-02
      4.14747894e-01 4.65835221e-02 4.13927436e-01 4.55164388e-02
      4.01370049e-01 2.69546621e-02 3.89688373e-01 8.91496055e-03
      3.88838559e-01 6.84874598e-03 3.89286548e-01 5.79589978e-03
      3.96659702e-01 5.82455483e-04 4.48996633e-01 -3.50693166e-02
