<?xml version="1.0"?>
<opencv_storage>
<obj>
  <_><id>1</id>
    <height>1.7156362533569336e-02</height>
    <contour2d>
      5.78283370e-01 1.48773743e-02 5.75584829e-01 1.74280386e-02
      5.63107848e-01 2.36313846e-02 5.33438683e-01 3.79726514e-02
      5.29095352e-01 3.90851274e-02 4.23435092e-01 4.65571061e-02
      4.19759035e-01 4.64044064e-02 4.15841877e-01 4.51013520e-02
      4.10908520e-01 4.15693000e-02 4.08402026e-01 3.81518900e-02
      4.24920857e-01 -6.73058331e-02 4.26054806e-01 -6.86600953e-02
      4.30383980e-01 -7.12653548e-02 4.37978536e-01 -7.11965114e-02
      4.42134887e-01 -7.03895688e-02 5.32013655e-01 -3.52408625e-02
      5.39442956e-01 -3.03300153e-02 5.46943784e-01 -2.42714919e-02
      5.71134388e-01 -5.73412923e-04 5.74815989e-01 3.27635882e-03
      5.76178730e-01 7.13355606e-03</contour2d>
    <histogram type_id="opencv-matrix">
      <rows>20</rows>
      <cols>1</cols>
      <dt>f</dt>
      <data>
        1.51466327e-02 0. 0. 0. 0. 0. 0. 0. 0. 0. 0. 0. 0. 0. 0. 0. 0.
        0. 9.84853387e-01 0.</data></histogram></_>
  <_><id>2</id>
    <height>1.6878426074981689e-02</height>
    <contour2d>
      5.71061432e-01 3.52437310e-02 5.69891155e-01 3.77884917e-02
      5.21429956e-01 4.86681797e-02 5.16890168e-01 4.84752394e-02
      4.10831273e-01 3.04916576e-02 4.08346355e-01 2.93128788e-02
      4.06868726e-01 2.81521361e-02 4.04464155e-01 2.58903354e-02
      4.02042121e-01 2.25396883e-02 4.01525199e-01 2.03110557e-02
      4.01543319e-01 1.92173738e-02 4.41017091e-01 -7.86355734e-02
      4.42031980e-01 -7.97979385e-02 4.45085138e-01 -8.12340826e-02
      4.50950176e-01 -8.13558847e-02 4.54338878e-01 -8.03802237e-02
      4.58059788e-01 -7.83274993e-02 5.34273803e-01 -2.53494997e-02
      5.38951159e-01 -2.16698311e-02 5.44089675e-01 -1.67493671e-02
      5.63640594e-01 1.21286120e-02 5.71465969e-01 2.50318591e-02</contour2d>
    <histogram type_id="opencv-matrix">
      <rows>20</rows>
      <cols>1</cols>
      <dt>f</dt>
      <data>
        1.40082780e-02 0. 0. 0. 0. 0. 0. 0. 0. 0. 0. 0. 0. 0. 0. 0. 0.
        0. 9.85991716e-01 0.</data></histogram></_>
  <_><id>3</id>
    <height>1.6582190990447998e-02</height>
    <contour2d>
      5.55827498e-01 5.87423593e-02 5.54058492e-01 6.24200441e-02
      5.52719295e-01 6.36299029e-02 5.36725998e-01 6.28839135e-02
      5.10641336e-01 6.03749417e-02 5.02785385e-01 5.87039106e-02
      4.98767614e-01 5.73244840e-02 4.05683160e-01 6.11003349e-03
      4.01970446e-01 2.79768789e-03 4.00576293e-01 6.03654596e-04
      3.99468601e-01 -1.58402068e-03 3.98390830e-01 -4.86112898e-03
      3.98275226e-01 -8.13623052e-03 4.68538791e-01 -8.79961923e-02
      4.70114052e-01 -8.91013741e-02 4.71946478e-01 -8.91029313e-02
      4.75659162e-01 -8.79517272e-02 4.77922738e-01 -8.68873000e-02
      4.85346138e-01 -7.91186541e-02 5.36215067e-01 -9.25426185e-03
      5.41309297e-01 -1.80034025e-03 5.46574295e-01 8.16987362e-03
      5.50689459e-01 2.32457817e-02 5.53222477e-01 3.33849974e-02
      5.55330515e-01 4.35519852e-02 5.55953860e-01 5.37098199e-02</contour2d>
    <histogram type_id="opencv-matrix">
      <rows>20</rows>
      <cols>1</cols>
      <dt>f</dt>
      <data>
        1.41407931e-02 0. 0. 0. 0. 0. 0. 0. 0. 0. 0. 0. 0. 0. 0. 0. 0.
        0. 9.85859215e-01 0.</data></histogram></_>
  <_><id>4</id>
    <height>1.6522109508514404e-02</height>
    <contour2d>
      5.18818676e-01 8.72943327e-02 5.14094234e-01 9.05455276e-02
      5.10055363e-01 9.04936567e-02 4.77411419e-01 6.67251423e-02
      4.72911179e-01 6.28918633e-02 4.69368309e-01 5.92420362e-02
      4.65242922e-01 5.31811938e-02 4.13238168e-01 -3.26613896e-02
      4.11990762e-01 -3.59446704e-02 4.11725104e-01 -3.92341465e-02
      4.11780804e-01 -4.14551906e-02 4.12071526e-01 -4.37102467e-02
      4.13189679e-01 -4.70722578e-02 4.14077133e-01 -4.81840819e-02
      5.14891863e-01 -8.30995888e-02 5.20131230e-01 -7.81560540e-02
      5.21051347e-01 -7.67713860e-02 5.24182141e-01 -6.98664039e-02
      5.33562005e-01 2.77861971e-02 5.33359647e-01 4.37831283e-02
      5.32382607e-01 4.87078875e-02 5.27334332e-01 6.57647327e-02
      5.22087574e-01 8.26819092e-02</contour2d>
    <histogram type_id="opencv-matrix">
      <rows>20</rows>
      <cols>1</cols>
      <dt>f</dt>
      <data>
        1.40080042e-02 0. 0. 0. 0. 0. 0. 0. 0. 0. 0. 0. 0. 0. 0. 0. 0.
        0. 9.85992014e-01 0.</data></histogram></_>
  <_><id>5</id>
    <height>1.6684770584106445e-02</height>
    <contour2d>
      5.55600703e-01 -5.10141775e-02 5.56831241e-01 -4.60942425e-02
      5.56928337e-01 -4.49372418e-02 5.55343330e-01 -3.55489403e-02
      5.54547906e-01 -3.18130665e-02 5.08689463e-01 5.72588220e-02
      5.05594611e-01 6.18897565e-02 5.02603590e-01 6.53100386e-02
      4.70644802e-01 9.28550288e-02 4.64660972e-01 9.45814326e-02
      4.60198164e-01 9.46024805e-02 4.59188163e-01 9.40959230e-02
      4.57909316e-01 9.30806771e-02 4.57031369e-01 9.16978493e-02
      4.42131013e-01 5.31634800e-02 4.40496445e-01 4.73495051e-02
      4.40204173e-01 4.50314134e-02 4.40110922e-01 3.70512754e-02
      4.42896307e-01 -6.32985607e-02 4.43275213e-01 -6.67975843e-02
      4.44760203e-01 -7.03474060e-02 4.46863115e-01 -7.27023780e-02
      4.49524462e-01 -7.51818642e-02 4.51436728e-01 -7.65528679e-02</contour2d>
    <histogram type_id="opencv-matrix">
      <rows>20</rows>
      <cols>1</cols>
      <dt>f</dt>
      <data>
        1.50475195e-02 0. 0. 0. 0. 0. 0. 0. 0. 0. 0. 0. 0. 0. 0. 0. 0.
        0. 9.84952509e-01 0.</data></histogram></_>
  <_><id>6</id>
    <height>1.5640795230865479e-02</height>
    <contour2d>
      5.68753719e-01 -1.84301045e-02 5.68544865e-01 -1.46912942e-02
      5.67085922e-01 -6.89528324e-03 5.64535737e-01 -5.67783834e-04
      4.92847890e-01 5.89831732e-02 4.79927003e-01 6.87013865e-02
      4.76116270e-01 7.08481893e-02 4.38007087e-01 8.31973329e-02
      4.31182265e-01 8.25950503e-02 4.27128464e-01 8.11182037e-02
      4.26041454e-01 7.99478740e-02 4.24855888e-01 7.76383579e-02
      4.25530940e-01 3.65113616e-02 4.25685138e-01 3.31622362e-02
      4.27127570e-01 2.53509656e-02 4.29674625e-01 1.86509918e-02
      4.69318300e-01 -7.20006526e-02 4.70764399e-01 -7.44509473e-02
      4.71779883e-01 -7.56440908e-02 4.74547684e-01 -7.81868845e-02
      4.76366043e-01 -7.95544609e-02 4.79639083e-01 -8.10404122e-02
      4.83575493e-01 -8.10886696e-02</contour2d>
    <histogram type_id="opencv-matrix">
      <rows>20</rows>
      <cols>1</cols>
      <dt>f</dt>
      <data>
        1.72769465e-02 0. 0. 0. 0. 0. 0. 0. 0. 0. 0. 0. 0. 0. 0. 0. 0.
        0. 9.82723057e-01 0.</data></histogram></_>
  <_><id>7</id>
    <height>1.5549600124359131e-02</height>
    <contour2d>
      5.69824100e-01 1.47693427e-02 5.63164532e-01 2.46411916e-02
      5.59445798e-01 2.96973847e-02 4.64865029e-01 6.46255612e-02
      4.56879914e-01 6.64796084e-02 4.36740607e-01 6.53712600e-02
      4.18308944e-01 6.41562790e-02 4.11121398e-01 6.33966029e-02
      4.05535549e-01 6.07650578e-02 4.01460886e-01 5.73591478e-02
      4.01081532e-01 5.61961792e-02 4.00671571e-01 5.39417304e-02
      4.00923461e-01 5.28978072e-02 4.15936947e-01 1.50764948e-02
      4.16940719e-01 1.28568495e-02 4.20738578e-01 6.20192755e-03
      4.24609900e-01 1.74006971e-03 4.95111138e-01 -7.01431483e-02
      4.98236001e-01 -7.27723613e-02 5.01206815e-01 -7.41781667e-02
      5.08318543e-01 -7.44421482e-02 5.10121942e-01 -7.32137188e-02</contour2d>
    <histogram type_id="opencv-matrix">
      <rows>20</rows>
      <cols>1</cols>
      <dt>f</dt>
      <data>
        2.11195927e-02 0. 0. 0. 0. 0. 0. 0. 0. 0. 0. 0. 0. 0. 0. 0. 0.
        0. 9.78880405e-01 0.</data></histogram></_>
  <_><id>8</id>
    <height>1.5672147274017334e-02</height>
    <contour2d>
      5.29161751e-01 -6.23603500e-02 5.57505369e-01 3.95304039e-02
      5.57755351e-01 4.46628071e-02 5.48892915e-01 5.19705303e-02
      4.45922196e-01 5.90643361e-02 4.40029472e-01 5.86637370e-02
