<?xml version="1.0"?>
<opencv_storage>
<obj>
  <_><id>1</id>
    <height>4.3329417705535889e-02</height>
    <contour2d>
      3.90587926e-01 -2.69584149e-01 3.95547688e-01 -2.62701720e-01
      3.95305842e-01 -2.39146173e-01 3.94301981e-01 -2.36145616e-01
      3.91867906e-01 -2.31141239e-01 3.88911575e-01 -2.25926995e-01
      3.85994762e-01 -2.21996903e-01 3.77468705e-01 -2.17268705e-01
      3.37453991e-01 -2.01000929e-01 3.34652215e-01 -2.00583249e-01
      3.32290024e-01 -2.00436383e-01 3.30738097e-01 -2.00733125e-01
      3.27110618e-01 -2.02195734e-01 3.25115025e-01 -2.03411043e-01
      3.22244674e-01 -2.06489474e-01 3.21078062e-01 -2.08156168e-01
      3.19618195e-01 -2.10856438e-01 3.18826258e-01 -2.12788641e-01
      3.18270206e-01 -2.16015369e-01 3.18348557e-01 -2.18455493e-01
      3.19274873e-01 -2.21384615e-01 3.20497125e-01 -2.24550217e-01
      3.36800665e-01 -2.62899756e-01 3.37763608e-01 -2.64850676e-01
      3.39006007e-01 -2.66791642e-01 3.41085166e-01 -2.69477516e-01
      3.44198436e-01 -2.72822112e-01 3.51414084e-01 -2.76298761e-01
      3.63021106e-01 -2.77906030e-01 3.78658384e-01 -2.77596116e-01
      3.82923037e-01 -2.76367754e-01 3.85836810e-01 -2.74264276e-01</contour2d>
    <histogram type_id="opencv-matrix">
      <rows>20</rows>
      <cols>1</cols>
      <dt>f</dt>
      <data>
        0. 0. 0. 1. 0. 0. 0. 0. 0. 0. 0. 0. 0. 0. 0. 0. 0. 0. 0. 0.</data></histogram></_>
  <_><id>2</id>
    <height>2.8199255466461182e-02</height>
    <contour2d>
      5.68386972e-01 -4.42093432e-01 5.77459335e-01 -4.31519270e-01
      5.88050842e-01 -4.18353319e-01 5.90038180e-01 -4.15135354e-01
      5.91099381e-01 -4.12846386e-01 5.90520501e-01 -3.99357170e-01
      5.89100003e-01 -3.97050947e-01 5.84999621e-01 -3.91858757e-01
      5.76982737e-01 -3.87154043e-01 5.33462703e-01 -3.72630119e-01
      5.31148434e-01 -3.72681260e-01 5.28219879e-01 -3.73846352e-01
      5.25617301e-01 -3.75245929e-01 5.24094462e-01 -3.77258450e-01
      5.23458958e-01 -3.78359497e-01 5.21913648e-01 -3.81942242e-01
      5.22069871e-01 -3.85040283e-01 5.22558928e-01 -3.88407588e-01
      5.34465909e-01 -4.25502926e-01 5.35926223e-01 -4.29525614e-01
      5.37969530e-01 -4.34062600e-01 5.39939702e-01 -4.36848164e-01
      5.42814970e-01 -4.40424562e-01 5.49911380e-01 -4.44387853e-01
      5.65121412e-01 -4.43296432e-01</contour2d>
    <histogram type_id="opencv-matrix">
      <rows>20</rows>
      <cols>1</cols>
      <dt>f</dt>
      <data>
        0. 0. 0. 9.99460578e-01 0. 0. 0. 0. 0. 0. 0. 0. 0. 0. 0. 0. 0.
        0. 0. 5.39374305e-04</data></histogram></_>
  <_><id>3</id>
    <height>4.5466780662536621e-02</height>
    <contour2d>
      5.25727272e-01 -2.47245491e-01 5.22635043e-01 -2.45520830e-01
      5.16713798e-01 -2.43720055e-01 5.11561751e-01 -2.42414653e-01
      5.08320332e-01 -2.41992205e-01 5.05567312e-01 -2.41931260e-01
      5.03316283e-01 -2.42100090e-01 4.97259438e-01 -2.42912799e-01
      4.93932813e-01 -2.43783981e-01 4.90918696e-01 -2.44848013e-01
      4.87091333e-01 -2.46751279e-01 4.81959343e-01 -2.50582874e-01
      4.77673501e-01 -2.54862994e-01 4.74804848e-01 -2.58563161e-01
      4.52269197e-01 -2.94497728e-01 4.51196104e-01 -2.96597958e-01
      4.50760037e-01 -2.97718376e-01 4.50410038e-01 -3.01623523e-01
      4.50747758e-01 -3.04592639e-01 4.52125579e-01 -3.08168590e-01
      4.53919321e-01 -3.10605794e-01 4.57575172e-01 -3.14244032e-01
      4.58784401e-01 -3.14964890e-01 4.63759810e-01 -3.14874202e-01
      5.03967047e-01 -3.04154426e-01 5.12660027e-01 -2.98037887e-01
      5.26979029e-01 -2.72376746e-01 5.30913591e-01 -2.63712376e-01
      5.31371593e-01 -2.55794287e-01</contour2d>
    <histogram type_id="opencv-matrix">
      <rows>20</rows>
      <cols>1</cols>
      <dt>f</dt>
      <data>
        0. 0. 0. 1. 0. 0. 0. 0. 0. 0. 0. 0. 0. 0. 0. 0. 0. 0. 0. 0.</data></histogram></_>
  <_><id>4</id>
    <height>4.5545816421508789e-02</height>
    <contour2d>
      6.76285923e-01 -2.92677134e-01 6.71553671e-01 -2.91879803e-01
      6.68587327e-01 -2.91942686e-01 6.66129470e-01 -2.92216331e-01
      6.64272487e-01 -2.92743832e-01 6.56439066e-01 -2.95899957e-01
      6.50880098e-01 -2.99123287e-01 6.47381723e-01 -3.01799387e-01
      6.43204331e-01 -3.05606365e-01 6.40481591e-01 -3.08630824e-01
      6.38124883e-01 -3.11895728e-01 6.36062741e-01 -3.15298289e-01
      6.35467470e-01 -3.16477478e-01 6.34117126e-01 -3.20235491e-01
      6.33534551e-01 -3.22944224e-01 6.33017540e-01 -3.27171445e-01
      6.32937968e-01 -3.30139607e-01 6.33261919e-01 -3.33323240e-01
      6.41782939e-01 -3.75218332e-01 6.42764866e-01 -3.78959954e-01
      6.44955337e-01 -3.83387923e-01 6.52164996e-01 -3.87453675e-01
      6.55059397e-01 -3.87464374e-01 6.59864485e-01 -3.85332525e-01
      6.83511376e-01 -3.29003096e-01 6.85420275e-01 -3.16424906e-01
      6.82199776e-01 -3.01066339e-01 6.80563867e-01 -2.95220852e-01</contour2d>
    <histogram type_id="opencv-matrix">
      <rows>20</rows>
      <cols>1</cols>
      <dt>f</dt>
      <data>
        0. 0. 0. 9.92725730e-01 0. 0. 0. 0. 0. 0. 0. 0. 0. 0. 0. 0. 0.
        0. 0. 7.27428310e-03</data></histogram></_>
  <_><id>5</id>
    <height>4.5083642005920410e-02</height>
    <contour2d>
      5.50798059e-01 -4.39746082e-01 5.54085314e-01 -4.29471910e-01
      5.57482481e-01 -4.15511250e-01 5.55513263e-01 -4.02988255e-01
      5.54134727e-01 -3.98397386e-01 5.51678717e-01 -3.95746589e-01
      5.46945989e-01 -3.92760515e-01 5.44260263e-01 -3.91323835e-01
      5.39109409e-01 -3.89388919e-01 4.97212559e-01 -3.78057122e-01
      4.94858265e-01 -3.77972901e-01 4.92790729e-01 -3.78117353e-01
      4.90981221e-01 -3.78470480e-01 4.88327473e-01 -3.79709154e-01
      4.85107005e-01 -3.82056117e-01 4.83625293e-01 -3.83993447e-01
      4.82329667e-01 -3.86087179e-01 4.81209308e-01 -3.88332427e-01
      4.80322689e-01 -3.90785158e-01 4.79882061e-01 -3.94948840e-01
      4.81009960e-01 -3.98575664e-01 4.82979566e-01 -4.02972758e-01
      5.02766490e-01 -4.39149737e-01 5.04571497e-01 -4.41803217e-01
      5.08000493e-01 -4.45625484e-01 5.13529181e-01 -4.47086930e-01
      5.16666710e-01 -4.46886718e-01 5.31956613e-01 -4.45136487e-01</contour2d>
    <histogram type_id="opencv-matrix">
      <rows>20</rows>
      <cols>1</cols>
      <dt>f</dt>
      <data>
        0. 0. 0. 9.99999940e-01 0. 0. 0. 0. 0. 0. 0. 0. 0. 0. 0. 0. 0.
        0. 0. 0.</data></histogram></_>
  <_><id>6</id>
    <height>4.3637990951538086e-02</height>
    <contour2d>
      5.94704330e-01 -4.02673721e-01 5.90046942e-01 -3.99851859e-01
      5.87935984e-01 -3.98829103e-01 5.81707478e-01 -3.96809787e-01
      5.77796996e-01 -3.95783067e-01 5.74602842e-01 -3.95255268e-01
      5.72013378e-01 -3.95153344e-01 5.67499816e-01 -3.95413697e-01
      5.61542571e-01 -3.96370083e-01 5.58058143e-01 -3.97357583e-01
      5.55073500e-01 -3.98516715e-01 5.51244318e-01 -4.00625467e-01
      5.48956871e-01 -4.02297497e-01 5.46032965e-01 -4.04858649e-01
      5.42455852e-01 -4.08737004e-01 5.14799118e-01 -4.45012212e-01
      5.13530791e-01 -4.47271883e-01 5.13063192e-01 -4.48559910e-01
      5.12520254e-01 -4.52859402e-01 5.13922572e-01 -4.58239377e-01
      5.16215563e-01 -4.61400926e-01 5.24519205e-01 -4.66592312e-01
      5.60185611e-01 -4.55249071e-01 5.73037386e-01 -4.48242545e-01
      5.79942405e-01 -4.41602290e-01 5.87259054e-01 -4.31102246e-01
      5.92063606e-01 -4.23865557e-01 5.94015300e-01 -4.19257075e-01
      5.95152557e-01 -4.14022744e-01</contour2d>
    <histogram type_id="opencv-matrix">
      <rows>20</rows>
      <cols>1</cols>
      <dt>f</dt>
      <data>
        0. 0. 0. 1. 0. 0. 0. 0. 0. 0. 0. 0. 0. 0. 0. 0. 0. 0. 0. 0.</data></histogram></_>
  <_><id>7</id>
    <height>4.2661130428314209e-02</height>
    <contour2d>
      6.00743115e-01 -3.89776289e-01 5.96358061e-01 -3.87074500e-01
      5.95180154e-01 -3.86529684e-01 5.91461241e-01 -3.85607064e-01
      5.88248432e-01 -3.85268033e-01 5.85954487e-01 -3.85286212e-01
