<?xml version="1.0"?>
<opencv_storage>
<obj>
  <_><id>1</id>
    <height>6.0798227787017822e-02</height>
    <contour2d>
      4.36541885e-01 -3.30571011e-02 4.37535703e-01 -2.67638080e-02
      4.37526166e-01 -1.20397806e-02 4.36500579e-01 -6.77735638e-03
      4.33757275e-01 -4.69612161e-04 4.28767532e-01 7.86966830e-03
      4.26432252e-01 1.09721646e-02 3.95512819e-01 5.00091426e-02
      3.90278757e-01 4.99585234e-02 3.88572723e-01 4.87572327e-02
      3.57288688e-01 1.01625575e-02 3.53941053e-01 5.32389292e-03
      3.52161586e-01 2.44419579e-03 3.49926949e-01 -2.33849697e-03
      3.48855972e-01 -5.19694621e-03 3.47691745e-01 -8.99696816e-03
      3.46684813e-01 -1.37433214e-02 3.46464366e-01 -1.75322257e-02
      3.46722424e-01 -2.61128135e-02 3.47662717e-01 -3.08940876e-02
      3.48817021e-01 -3.47601622e-02 3.49900454e-01 -3.76724526e-02
      3.54401827e-01 -4.65463437e-02 3.58572662e-01 -5.15840203e-02
      3.61600369e-01 -5.46397194e-02 3.64038348e-01 -5.67758791e-02
      3.69536519e-01 -6.00713789e-02 3.77063811e-01 -6.35058284e-02
      3.81667107e-01 -6.48436323e-02 3.97518039e-01 -6.59593940e-02
      4.01010722e-01 -6.51974007e-02 4.06872988e-01 -6.35714084e-02
      4.09143865e-01 -6.26917779e-02 4.12881076e-01 -6.09144904e-02
      4.17713881e-01 -5.81400134e-02 4.25217152e-01 -5.23928851e-02
      4.27906841e-01 -4.94388677e-02 4.31654781e-01 -4.44045886e-02
      4.32804942e-01 -4.23548669e-02</contour2d>
    <histogram type_id="opencv-matrix">
      <rows>20</rows>
      <cols>1</cols>
      <dt>f</dt>
      <data>
        4.73142862e-01 0. 0. 0. 0. 0. 0. 0. 0. 0. 0. 0. 0. 0. 0. 0. 0.
        5.26857138e-01 0. 0.</data></histogram></_>
  <_><id>2</id>
    <height>6.0795247554779053e-02</height>
    <contour2d>
      4.31577802e-01 -6.42649457e-02 4.36754942e-01 -6.04254454e-02
      4.42956537e-01 -5.33895120e-02 4.44396198e-01 -5.13647497e-02
      4.48301554e-01 -4.41239811e-02 4.50935453e-01 -3.67741771e-02
      4.50669467e-01 -1.64787713e-02 4.49915767e-01 -1.11478772e-02
      4.46781099e-01 -4.72602574e-03 4.43162203e-01 1.64320425e-03
      4.38765198e-01 5.84580377e-03 4.30281937e-01 1.31081538e-02
      4.26497906e-01 1.51346400e-02 3.75584364e-01 3.67026664e-02
      3.72197479e-01 3.56501341e-02 3.70074958e-01 3.45529057e-02
      3.68315160e-01 3.34031507e-02 3.67109418e-01 3.23278196e-02
      3.66437703e-01 3.13187614e-02 3.66111994e-01 3.01643405e-02
      3.60375494e-01 -1.78251714e-02 3.60176504e-01 -2.36041844e-02
      3.60236883e-01 -2.84381639e-02 3.60572010e-01 -3.33098993e-02
      3.61631960e-01 -3.81892361e-02 3.62757862e-01 -4.21210714e-02
      3.63885224e-01 -4.50929403e-02 3.64875019e-01 -4.70757410e-02
      3.68375182e-01 -5.31491712e-02 3.72324139e-01 -5.72427623e-02
      3.76777112e-01 -6.14707805e-02 3.79391760e-01 -6.36863858e-02
      3.82950604e-01 -6.59538284e-02 3.89808655e-01 -6.94621950e-02
      3.94311935e-01 -7.07949102e-02 4.08047795e-01 -7.18039349e-02
      4.14736718e-01 -7.14019984e-02 4.20862705e-01 -6.98064566e-02
      4.26630020e-01 -6.70564622e-02</contour2d>
    <histogram type_id="opencv-matrix">
      <rows>20</rows>
      <cols>1</cols>
      <dt>f</dt>
      <data>
        4.88862127e-01 0. 0. 0. 0. 0. 0. 0. 0. 0. 0. 0. 0. 0. 0. 0. 0.
        5.10535836e-01 0. 6.02046959e-04</data></histogram></_>
  <_><id>3</id>
    <height>6.0734272003173828e-02</height>
    <contour2d>
      4.60430443e-01 -4.47018966e-02 4.64210689e-01 -3.18698213e-02
      4.64190543e-01 -1.88820250e-02 4.63406324e-01 -1.13088172e-02
      4.59068567e-01 -1.55967986e-03 4.57506865e-01 5.93005214e-04
      4.52046990e-01 6.99968217e-03 4.40585613e-01 1.64239593e-02
      4.32947904e-01 1.94347985e-02 4.24081743e-01 2.13228073e-02
      4.09568429e-01 2.09969375e-02 3.63990277e-01 1.78796742e-02
      3.62439573e-01 1.69159025e-02 3.61216813e-01 1.58190373e-02
      3.58384728e-01 1.17299426e-02 3.57625276e-01 9.70041472e-03
      3.57510149e-01 7.64191430e-03 3.74715507e-01 -3.87569964e-02
      3.76964211e-01 -4.37826142e-02 3.80499691e-01 -4.99120615e-02
      3.82733047e-01 -5.30095361e-02 3.87358248e-01 -5.82792163e-02
      3.91059726e-01 -6.15605600e-02 3.96527439e-01 -6.49071485e-02
      3.98835123e-01 -6.60771579e-02 4.05830503e-01 -6.86057806e-02
      4.12207574e-01 -7.01656118e-02 4.19238061e-01 -7.06596598e-02
      4.25417423e-01 -7.00914487e-02 4.32971835e-01 -6.85676113e-02
      4.40507591e-01 -6.48787543e-02 4.50938046e-01 -5.70572689e-02
      4.55131024e-01 -5.30407652e-02</contour2d>
    <histogram type_id="opencv-matrix">
      <rows>20</rows>
      <cols>1</cols>
      <dt>f</dt>
      <data>
        5.39958298e-01 0. 0. 0. 0. 0. 0. 0. 0. 0. 0. 0. 0. 0. 0. 0. 0.
        4.60041702e-01 0. 0.</data></histogram></_>
  <_><id>4</id>
    <height>6.0844540596008301e-02</height>
    <contour2d>
      4.74048495e-01 -2.45523658e-02 4.74551111e-01 -1.36334896e-02
      4.72357243e-01 -5.94549486e-03 4.68413144e-01 3.86138610e-03
      4.65945244e-01 9.27771255e-03 4.62036729e-01 1.35659492e-02
      4.52213645e-01 2.08985023e-02 4.44820374e-01 2.50008274e-02
      4.38117713e-01 2.69195735e-02 4.32988793e-01 2.78190989e-02
      4.22138542e-01 2.75205784e-02 4.16801929e-01 2.63090469e-02
      4.10015017e-01 2.40969807e-02 3.61249089e-01 -1.47356361e-03
      3.60441625e-01 -2.49851705e-03 3.59556764e-01 -4.52380162e-03
      3.58486474e-01 -9.59818531e-03 3.58635068e-01 -1.16366269e-02
      3.58863980e-01 -1.26643805e-02 3.59321654e-01 -1.36213880e-02
      3.93803596e-01 -4.86020111e-02 3.97210121e-01 -5.17960489e-02
      4.02398497e-01 -5.62045760e-02 4.05938983e-01 -5.84552027e-02
      4.13361996e-01 -6.20351955e-02 4.17270631e-01 -6.33630455e-02
      4.31641072e-01 -6.42773211e-02 4.36682492e-01 -6.35670871e-02
      4.43381995e-01 -6.19331934e-02 4.49625701e-01 -5.91111518e-02
      4.59210575e-01 -5.32737561e-02 4.64476168e-01 -4.70554829e-02
      4.68357503e-01 -4.07061689e-02 4.72647816e-01 -3.10690440e-02</contour2d>
    <histogram type_id="opencv-matrix">
      <rows>20</rows>
      <cols>1</cols>
      <dt>f</dt>
      <data>
        5.03688753e-01 0. 0. 0. 0. 0. 0. 0. 0. 0. 0. 0. 0. 0. 0. 0. 0.
        4.96311188e-01 0. 0.</data></histogram></_>
  <_><id>5</id>
    <height>6.0721993446350098e-02</height>
    <contour2d>
      4.78425086e-01 6.10154355e-03 4.76884484e-01 9.38157272e-03
      4.69701767e-01 2.01930720e-02 4.65645611e-01 2.44460255e-02
      4.56523627e-01 3.17487717e-02 4.52874810e-01 3.37889679e-02
      4.45932776e-01 3.56453545e-02 4.40882415e-01 3.65217887e-02
      4.23334479e-01 3.58555168e-02 4.19366419e-01 3.46503668e-02
      4.12248492e-01 3.13229300e-02 4.06098723e-01 2.70317066e-02
      4.03624296e-01 2.49226745e-02 4.00406063e-01 2.18162742e-02
      3.66135329e-01 -2.09376793e-02 3.65959257e-01 -2.39933822e-02
      3.66761476e-01 -2.81719286e-02 3.68223608e-01 -3.13286595e-02
      3.69249225e-01 -3.22865099e-02 4.14291054e-01 -5.07669374e-02
      4.20626938e-01 -5.32077551e-02 4.26967472e-01 -5.46278134e-02
      4.38435197e-01 -5.53074889e-02 4.43279952e-01 -5.44995666e-02
      4.49947238e-01 -5.27637191e-02 4.56567198e-01 -4.99069020e-02
      4.67186809e-01 -4.17565852e-02 4.73953307e-01 -3.32936458e-02
      4.77295816e-01 -2.79480144e-02 4.79527712e-01 -1.91882327e-02
      4.79658723e-01 -4.93082509e-04</contour2d>
    <histogram type_id="opencv-matrix">
      <rows>20</rows>
      <cols>1</cols>
      <dt>f</dt>
      <data>
        4.90981996e-01 0. 0. 0. 0. 0. 0. 0. 0. 0. 0. 0. 0. 0. 0. 0. 0.
        5.09018064e-01 0. 0.</data></histogram></_>
  <_><id>6</id>
    <height>6.0804069042205811e-02</height>
    <contour2d>
      4.65987355e-01 4.39994968e-02 4.58082557e-01 5.01139835e-02
      4.51679140e-01 5.30112498e-02 4.41061050e-01 5.55776507e-02
      4.32376087e-01 5.61436079e-02 4.27102178e-01 5.58013767e-02
      4.21151817e-01 5.44397123e-02 4.13605064e-01 5.08933961e-02
