<?xml version="1.0"?>
<opencv_storage>
<obj>
  <_><id>1</id>
    <height>4.7952115535736084e-02</height>
    <contour2d>
      4.22553927e-01 -1.73350368e-02 4.22540396e-01 -1.41727244e-02
      4.21186328e-01 -6.78443536e-03 4.19859499e-01 -3.62234400e-03
      4.14729804e-01 4.75326367e-03 4.12460387e-01 7.87006877e-03
      4.06501859e-01 1.30005823e-02 4.02932465e-01 1.50153227e-02
      3.98226887e-01 1.69943515e-02 3.94724548e-01 1.79540962e-02
      3.89238298e-01 1.88794900e-02 3.82931083e-01 1.87773146e-02
      3.78045559e-01 1.76551864e-02 3.74765784e-01 1.65933911e-02
      3.70368421e-01 1.45201562e-02 3.67309690e-01 1.24907494e-02
      3.64674389e-01 1.04574505e-02 3.61529768e-01 7.46066822e-03
      3.59231174e-01 4.48362716e-03 3.56231570e-01 -4.40609670e-04
      3.55271339e-01 -2.40365369e-03 3.53892595e-01 -6.31506415e-03
      3.52796674e-01 -1.11968676e-02 3.52597475e-01 -1.50968982e-02
      3.52642834e-01 -1.90092940e-02 3.52825522e-01 -2.09794454e-02
      3.53948146e-01 -2.59068366e-02 3.54953825e-01 -2.88726706e-02
      3.56857210e-01 -3.28419097e-02 3.59363526e-01 -3.69085930e-02
      3.61997694e-01 -3.99142876e-02 3.65381598e-01 -4.30492200e-02
      3.68141264e-01 -4.52366583e-02 3.74331474e-01 -4.84926775e-02
      3.77698094e-01 -4.96768951e-02 3.82756859e-01 -5.10298125e-02
      3.87869835e-01 -5.12367040e-02 3.93439889e-01 -5.04977182e-02
      3.96934450e-01 -4.96613234e-02 4.04120594e-01 -4.69553135e-02
      4.13632303e-01 -3.90718877e-02 4.16128993e-01 -3.60410064e-02
      4.18680400e-01 -3.19483690e-02 4.19837058e-01 -2.88310330e-02</contour2d>
    <histogram type_id="opencv-matrix">
      <rows>20</rows>
      <cols>1</cols>
      <dt>f</dt>
      <data>
        0. 0. 1. 0. 0. 0. 0. 0. 0. 0. 0. 0. 0. 0. 0. 0. 0. 0. 0. 0.</data></histogram></_>
  <_><id>2</id>
    <height>4.7675073146820068e-02</height>
    <contour2d>
      3.98445219e-01 -3.12857032e-02 3.95647824e-01 -2.50192862e-02
      3.92387748e-01 -1.88236255e-02 3.82080615e-01 -9.53432079e-03
      3.75345677e-01 -6.45985082e-03 3.72238368e-01 -5.44287590e-03
      3.57276082e-01 -5.35853533e-03 3.53604794e-01 -6.30782498e-03
      3.50826830e-01 -7.27196457e-03 3.47317666e-01 -9.17896163e-03
      3.44319195e-01 -1.10890549e-02 3.41909736e-01 -1.29778450e-02
      3.38817686e-01 -1.58176031e-02 3.37131113e-01 -1.77272670e-02
      3.35017085e-01 -2.05560941e-02 3.32952976e-01 -2.43301634e-02
      3.32045406e-01 -2.62241103e-02 3.30823690e-01 -2.99834143e-02
      3.30011368e-01 -3.37872878e-02 3.29652220e-01 -3.65887433e-02
      3.29633832e-01 -4.22950312e-02 3.30985904e-01 -5.00403643e-02
      3.31640631e-01 -5.19274920e-02 3.34094226e-01 -5.69320694e-02
      3.35916281e-01 -5.98876774e-02 3.38370651e-01 -6.30192682e-02
      3.41424912e-01 -6.61271885e-02 3.45443010e-01 -6.93084747e-02
      3.49439889e-01 -7.15261698e-02 3.52475792e-01 -7.27176443e-02
      3.56865525e-01 -7.40819648e-02 3.65100622e-01 -7.46746436e-02
      3.70732784e-01 -7.41709173e-02 3.74077469e-01 -7.34463260e-02
      3.78513217e-01 -7.17855245e-02 3.82061034e-01 -7.00738952e-02
      3.90231729e-01 -6.35945797e-02 3.92326802e-01 -6.06442057e-02
      3.95636708e-01 -5.46940304e-02 3.96760464e-01 -5.16807884e-02
      3.97961438e-01 -4.76474352e-02</contour2d>
    <histogram type_id="opencv-matrix">
      <rows>20</rows>
      <cols>1</cols>
      <dt>f</dt>
      <data>
        0. 0. 9.99628842e-01 0. 0. 0. 0. 0. 0. 0. 0. 0. 0. 0. 0. 0. 0.
        0. 0. 3.71195260e-04</data></histogram></_>
  <_><id>3</id>
    <height>4.7583341598510742e-02</height>
    <contour2d>
      3.69481504e-01 -5.31556047e-02 3.68379772e-01 -4.91178855e-02
      3.67271602e-01 -4.60804664e-02 3.64079297e-01 -3.99962701e-02
      3.60633224e-01 -3.58848311e-02 3.57584119e-01 -3.28364633e-02
      3.53461415e-01 -2.97670905e-02 3.49113971e-01 -2.76676212e-02
      3.45810086e-01 -2.65836790e-02 3.41638386e-01 -2.54938286e-02
      3.29941541e-01 -2.52013784e-02 3.25898379e-01 -2.60308292e-02
      3.23528290e-01 -2.68715192e-02 3.17670703e-01 -2.95104384e-02
      3.14882070e-01 -3.13010551e-02 3.10771227e-01 -3.48467268e-02
      3.09068918e-01 -3.66642922e-02 3.06999922e-01 -3.93344574e-02
      3.05258662e-01 -4.20542024e-02 3.04254949e-01 -4.38441150e-02
      3.03042293e-01 -4.65026572e-02 3.01279783e-01 -5.19499406e-02
      3.00450772e-01 -5.65204844e-02 3.00508678e-01 -6.20573573e-02
      3.01278174e-01 -6.75942674e-02 3.02346766e-01 -7.13997707e-02
      3.03481847e-01 -7.43183196e-02 3.05289447e-01 -7.81524852e-02
      3.07211041e-01 -8.11159313e-02 3.12044859e-01 -8.62486735e-02
      3.14622521e-01 -8.82750526e-02 3.20457220e-01 -9.16862488e-02
      3.23329657e-01 -9.29057375e-02 3.28557819e-01 -9.44906026e-02
      3.33555520e-01 -9.50161219e-02 3.39523405e-01 -9.46514010e-02
      3.42480630e-01 -9.39635709e-02 3.50980222e-01 -9.10076723e-02
      3.55363190e-01 -8.85529146e-02 3.59652162e-01 -8.50411654e-02
      3.63803089e-01 -7.94642791e-02 3.66018653e-01 -7.57054314e-02
      3.68111491e-01 -6.99064881e-02 3.69319975e-01 -6.60441592e-02</contour2d>
    <histogram type_id="opencv-matrix">
      <rows>20</rows>
      <cols>1</cols>
      <dt>f</dt>
      <data>
        0. 0. 1. 0. 0. 0. 0. 0. 0. 0. 0. 0. 0. 0. 0. 0. 0. 0. 0. 0.</data></histogram></_>
  <_><id>4</id>
    <height>4.7422885894775391e-02</height>
    <contour2d>
      3.32293987e-01 -6.90655634e-02 3.32170337e-01 -5.85478023e-02
      3.31148922e-01 -5.46708293e-02 3.30117315e-01 -5.17507829e-02
      3.26360404e-01 -4.39939983e-02 3.18101197e-01 -3.60280089e-02
      3.15219611e-01 -3.40450369e-02 3.11384887e-01 -3.20374854e-02
      3.08447540e-01 -3.09941787e-02 3.04707348e-01 -2.99434755e-02
      2.91863471e-01 -2.95182411e-02 2.86254555e-01 -3.11114974e-02
      2.74097472e-01 -4.51835766e-02 2.71723419e-01 -4.85675298e-02
      2.69886255e-01 -5.20732887e-02 2.68872976e-01 -5.46926670e-02
      2.68074930e-01 -5.73759302e-02 2.67432779e-01 -6.10175468e-02
      2.67270774e-01 -6.36687279e-02 2.67409950e-01 -6.67232871e-02
      2.67670482e-01 -6.92590624e-02 2.68357396e-01 -7.22767115e-02
      2.69063473e-01 -7.44121000e-02 2.70343959e-01 -7.74138272e-02
      2.71425724e-01 -7.94184357e-02 2.74722040e-01 -8.40003565e-02
      2.88802415e-01 -9.81653407e-02 2.98198313e-01 -9.93372798e-02
      3.02772701e-01 -9.89093855e-02 3.05607051e-01 -9.83142182e-02
      3.11261207e-01 -9.61492658e-02 3.17259550e-01 -9.31394696e-02
      3.22192162e-01 -8.89695287e-02 3.27202678e-01 -8.28635618e-02
      3.31246823e-01 -7.37350285e-02</contour2d>
    <histogram type_id="opencv-matrix">
      <rows>20</rows>
      <cols>1</cols>
      <dt>f</dt>
      <data>
        0. 0. 1. 0. 0. 0. 0. 0. 0. 0. 0. 0. 0. 0. 0. 0. 0. 0. 0. 0.</data></histogram></_>
  <_><id>5</id>
    <height>4.7588586807250977e-02</height>
    <contour2d>
      4.07955885e-01 -2.54131248e-03 4.07858849e-01 1.40615050e-02
      4.05295938e-01 2.02246159e-02 4.01759803e-01 2.63338163e-02
      3.99433196e-01 2.93552168e-02 3.92419159e-01 3.52585241e-02
      3.88971865e-01 3.71631943e-02 3.84405315e-01 3.90054174e-02
      3.81067455e-01 3.98795828e-02 3.75615656e-01 4.06639054e-02
      3.68108273e-01 4.03583087e-02 3.63617301e-01 3.91569920e-02
      3.58786196e-01 3.69274952e-02 3.54817659e-01 3.48380543e-02
      3.48794401e-01 2.97668092e-02 3.46203327e-01 2.67269388e-02
      3.44255835e-01 2.37745866e-02 3.42157513e-01 1.98529270e-02
      3.40996474e-01 1.69261545e-02 3.40159297e-01 1.40281944e-02
      3.39130342e-01 8.23440403e-03 3.38977695e-01 5.34217991e-03
      3.39084864e-01 2.45639286e-03 3.39474976e-01 -4.32526402e-04
      3.40379626e-01 -4.29251464e-03 3.41349810e-01 -7.19376048e-03
      3.42595279e-01 -1.01117566e-02 3.43632638e-01 -1.20612755e-02
      3.45547438e-01 -1.49924448e-02 3.48005861e-01 -1.79726128e-02
      3.50837439e-01 -2.09409818e-02 3.55049103e-01 -2.39795242e-02
