<?xml version="1.0"?>
<opencv_storage>
<obj>
  <_><id>1</id>
    <height>5.4186940193176270e-02</height>
    <contour2d>
      5.14370382e-01 3.78559269e-02 5.06793559e-01 4.47160080e-02
      4.97279406e-01 5.24137728e-02 4.93157655e-01 5.52188754e-02
      4.83205080e-01 5.95904291e-02 4.76943940e-01 6.22030310e-02
      4.74523932e-01 6.30512387e-02 4.67747539e-01 6.45244196e-02
      4.59334373e-01 6.59353584e-02 4.48872328e-01 6.60816953e-02
      4.42986757e-01 6.56743422e-02 4.36199635e-01 6.41325191e-02
      4.26783770e-01 6.15749098e-02 4.21280921e-01 5.93563057e-02
      4.16477174e-01 5.71463183e-02 4.09585685e-01 5.29958867e-02
      4.05425131e-01 5.00225462e-02 4.00223464e-01 4.59945351e-02
      3.94972593e-01 4.12072726e-02 3.93641531e-01 3.93138714e-02
      3.83660197e-01 -5.89317689e-03 3.83971989e-01 -2.32834071e-02
      3.84984165e-01 -2.97190063e-02 3.94231021e-01 -6.82429969e-02
      3.97548974e-01 -7.21528232e-02 3.98558527e-01 -7.31347129e-02
      4.05036181e-01 -7.82509446e-02 4.09631521e-01 -8.14563856e-02
      4.13084507e-01 -8.36456642e-02 4.19889122e-01 -8.70951414e-02
      4.30483371e-01 -9.10085738e-02 4.35616195e-01 -9.25573558e-02
      4.43866223e-01 -9.43486020e-02 4.54896808e-01 -9.45378393e-02
      4.60381478e-01 -9.42118540e-02 4.67425019e-01 -9.28829759e-02
      4.80632991e-01 -8.92663375e-02 4.89061862e-01 -8.61078799e-02
      5.04543066e-01 -7.63143525e-02 5.15407085e-01 -6.47099838e-02
      5.16909599e-01 -6.27422184e-02 5.24273157e-01 -5.06834574e-02
      5.26975811e-01 -4.45182770e-02 5.30210733e-01 -3.62631790e-02
      5.31469166e-01 -2.99773663e-02 5.32773972e-01 -1.73515882e-02
      5.32913327e-01 -1.20808063e-02 5.29838085e-01 5.83957881e-03
      5.26936352e-01 1.52605316e-02 5.20110726e-01 2.97483988e-02</contour2d>
    <histogram type_id="opencv-matrix">
      <rows>20</rows>
      <cols>1</cols>
      <dt>f</dt>
      <data>
        7.95299172e-01 0. 0. 0. 0. 0. 0. 0. 0. 0. 0. 0. 0. 0. 0. 0. 0.
        2.04700798e-01 0. 0.</data></histogram></_>
  <_><id>2</id>
    <height>3.4491837024688721e-02</height>
    <contour2d>
      5.27324975e-01 3.39844637e-02 5.25704026e-01 4.46242914e-02
      5.22485971e-01 5.39566688e-02 5.17826557e-01 6.43266067e-02
      5.14813185e-01 7.00244084e-02 5.11913478e-01 7.45351985e-02
      5.03091812e-01 8.43930319e-02 4.92839992e-01 9.27774385e-02
      4.79984343e-01 9.95895863e-02 4.63605314e-01 1.04763485e-01
      4.55046117e-01 1.06011264e-01 4.42535937e-01 1.07027009e-01
      4.29469377e-01 1.04499169e-01 4.24467742e-01 1.02901645e-01
      4.13220108e-01 9.85108018e-02 4.06004369e-01 9.46268737e-02
      4.02207077e-01 9.21092257e-02 3.97344589e-01 8.84825438e-02
      3.91158193e-01 8.26516226e-02 3.85581017e-01 7.70458579e-02
      3.80890399e-01 7.04769194e-02 3.77630889e-01 6.51364923e-02
      3.76502305e-01 6.30116165e-02 3.74103963e-01 5.77239059e-02
      3.70785832e-01 4.83712777e-02 3.68775398e-01 4.01703566e-02
      3.67816895e-01 3.10104359e-02 3.67714614e-01 2.18667928e-02
      3.68758291e-01 1.27470810e-02 3.70085627e-01 5.64931007e-03
      3.71102452e-01 2.59865308e-03 3.74327064e-01 -5.56579605e-03
      3.77769351e-01 -1.27650034e-02 3.81594300e-01 -1.90141071e-02
      3.86259139e-01 -2.53263135e-02 3.90153348e-01 -2.96204034e-02
      3.91301423e-01 -3.06969732e-02 4.01935071e-01 -3.94694917e-02
      4.07620668e-01 -4.28503230e-02 4.17430133e-01 -4.75671478e-02
      4.20313269e-01 -4.88228239e-02 4.23923045e-01 -5.00662662e-02
      4.28773999e-01 -5.13763800e-02 4.36387807e-01 -5.28591909e-02
      4.51981425e-01 -5.36797382e-02 4.60624546e-01 -5.30814044e-02
      4.69175667e-01 -5.13051003e-02 4.79199469e-01 -4.71591800e-02
      4.87963557e-01 -4.29893658e-02 5.05729675e-01 -2.97283754e-02
      5.12505114e-01 -2.04928648e-02 5.17163455e-01 -1.35077303e-02
      5.20120323e-01 -7.62843713e-03 5.23174047e-01 -5.31629426e-04
      5.24784327e-01 4.22095601e-03 5.26315451e-01 1.01771932e-02
      5.27416766e-01 1.85149293e-02</contour2d>
    <histogram type_id="opencv-matrix">
      <rows>20</rows>
      <cols>1</cols>
      <dt>f</dt>
      <data>
        6.32638633e-01 0. 0. 0. 0. 0. 0. 0. 0. 0. 0. 0. 0. 0. 0. 0. 0.
        3.67361367e-01 0. 0.</data></histogram></_>
  <_><id>3</id>
    <height>3.4533977508544922e-02</height>
    <contour2d>
      4.97949094e-01 3.42449322e-02 4.97679740e-01 5.85401841e-02
      4.96211559e-01 6.53951168e-02 4.93218750e-01 7.44210556e-02
      4.90234643e-01 8.10919255e-02 4.87491399e-01 8.66267309e-02
      4.75204587e-01 1.03800796e-01 4.66024190e-01 1.10565074e-01
      4.64546472e-01 1.11502379e-01 4.50897396e-01 1.18799016e-01
      4.47104454e-01 1.20588914e-01 4.31733578e-01 1.25280127e-01
      4.16785985e-01 1.26614824e-01 4.02845889e-01 1.24646783e-01
      3.87742698e-01 1.19646452e-01 3.81904691e-01 1.16829380e-01
      3.75058740e-01 1.12909019e-01 3.66831839e-01 1.06740378e-01
      3.63029152e-01 1.03454441e-01 3.58157754e-01 9.87576246e-02
      3.57217848e-01 9.76960212e-02 3.50575238e-01 8.79950598e-02
      3.47346663e-01 8.17340687e-02 3.44453305e-01 7.56160617e-02
      3.42493474e-01 7.05557093e-02 3.41124833e-01 6.54614568e-02
      3.40036690e-01 6.04623221e-02 3.39054942e-01 5.45194298e-02
      3.38805139e-01 4.56382409e-02 3.38959038e-01 3.68387364e-02
      3.40112209e-01 3.00202295e-02 3.41193438e-01 2.51400080e-02
      3.42323571e-01 2.12362837e-02 3.44442189e-01 1.53605845e-02
      3.48809242e-01 6.50474709e-03 3.53166133e-01 -4.47428582e-04
      3.58817190e-01 -7.48305302e-03 3.64522099e-01 -1.36029357e-02
      3.72186303e-01 -1.98277235e-02 3.80360842e-01 -2.51594521e-02
      3.88273835e-01 -2.84731016e-02 3.94426256e-01 -3.07681989e-02
      4.03795421e-01 -3.31687368e-02 4.13934618e-01 -3.46161164e-02
      4.18106377e-01 -3.47998478e-02 4.33009446e-01 -3.31387855e-02
      4.37983006e-01 -3.22006047e-02 4.53148365e-01 -2.60025039e-02
      4.62072015e-01 -2.17918996e-02 4.77022499e-01 -9.60214902e-03
      4.82072592e-01 -2.79353186e-03 4.90827948e-01 1.09955482e-02
      4.93491173e-01 1.79419108e-02 4.96596873e-01 2.72612870e-02</contour2d>
    <histogram type_id="opencv-matrix">
      <rows>20</rows>
      <cols>1</cols>
      <dt>f</dt>
      <data>
        6.44948065e-01 0. 0. 0. 0. 0. 0. 0. 0. 0. 0. 0. 0. 0. 0. 0. 0.
        3.55051935e-01 0. 0.</data></histogram></_>
  <_><id>4</id>
    <height>3.4530699253082275e-02</height>
    <contour2d>
      4.61442590e-01 4.64781933e-02 4.59825575e-01 5.41957282e-02
      4.57189411e-01 6.40815869e-02 4.52319205e-01 7.60293007e-02
      4.42334890e-01 8.94196928e-02 4.39845532e-01 9.24974233e-02
      4.34615374e-01 9.74381194e-02 4.22833472e-01 1.05870910e-01
      4.17813361e-01 1.08523928e-01 4.10448432e-01 1.11946352e-01
      4.00625765e-01 1.14962682e-01 3.82267594e-01 1.18011504e-01
      3.61616373e-01 1.15283109e-01 3.52965117e-01 1.12218559e-01
      3.46553922e-01 1.09449811e-01 3.35784912e-01 1.03165023e-01
      3.29544991e-01 9.85399485e-02 3.18188310e-01 8.66606534e-02
      3.14249873e-01 8.05602968e-02 3.11974823e-01 7.64630511e-02
      3.06589574e-01 6.47782460e-02 3.05577457e-01 6.18603677e-02
      3.03582966e-01 5.41714802e-02 3.02613020e-01 4.94075455e-02
      3.01661998e-01 3.80842350e-02 3.01709324e-01 2.68206261e-02
      3.04665625e-01 1.46630509e-02 3.07575315e-01 7.14427512e-03
      3.09634268e-01 2.42064730e-03 3.12454551e-01 -3.28090647e-03
      3.18404198e-01 -1.19252112e-02 3.22462350e-01 -1.67957861e-02
      3.30707610e-01 -2.47366559e-02 3.35780084e-01 -2.87810415e-02
      3.44311237e-01 -3.40065174e-02 3.46519142e-01 -3.50888930e-02
      3.51744384e-01 -3.72704305e-02 3.58288407e-01 -3.95498052e-02
      3.62607449e-01 -4.07370068e-02 3.68665636e-01 -4.20786329e-02
      3.85517538e-01 -4.28243242e-02 3.93944442e-01 -4.21913043e-02
      3.98873836e-01 -4.13803644e-02 4.06180233e-01 -3.95925120e-02
