<?xml version="1.0"?>
<opencv_storage>
<obj>
  <_><id>1</id>
    <height>7.0814669132232666e-02</height>
    <contour2d>
      5.07486761e-01 1.43680284e-02 4.91922319e-01 2.55583972e-02
      4.89958495e-01 2.66787447e-02 4.84866709e-01 2.89618839e-02
      4.81310397e-01 3.00949551e-02 4.69833136e-01 3.01732440e-02
      4.63451624e-01 2.88114883e-02 4.60010976e-01 2.76227444e-02
      4.57178563e-01 2.64178999e-02 4.54765439e-01 2.51863934e-02
      4.51058090e-01 2.28815693e-02 4.48047638e-01 2.06312705e-02
      4.45408463e-01 1.83589999e-02 4.42064822e-01 1.49605861e-02
      4.35119718e-01 6.09658891e-03 4.34368491e-01 4.98712622e-03
      4.32594597e-01 6.02729677e-04 4.32292879e-01 -4.89467871e-04
      4.30920392e-01 -9.23212804e-03 4.30580497e-01 -1.24974689e-02
      4.30431008e-01 -1.79007445e-02 4.30644035e-01 -2.11793873e-02
      4.32635635e-01 -3.42770368e-02 4.32969123e-01 -3.54027301e-02
      4.35111642e-01 -3.98188010e-02 4.36149865e-01 -4.12515327e-02
      4.44265246e-01 -5.01151830e-02 4.46869671e-01 -5.25865555e-02
      4.49782014e-01 -5.49894907e-02 4.53298062e-01 -5.73613122e-02
      4.58121449e-01 -5.99629618e-02 4.61741596e-01 -6.14034422e-02
      4.65690583e-01 -6.26028329e-02 4.80424374e-01 -6.26996532e-02
      4.83753085e-01 -6.15342408e-02 4.96792585e-01 -5.63557968e-02
      5.10975480e-01 -3.34804952e-02 5.13214171e-01 -2.66887005e-02
      5.13932049e-01 -2.21746415e-02 5.15083373e-01 -8.51616822e-03
      5.14689445e-01 -2.80266418e-03</contour2d>
    <histogram type_id="opencv-matrix">
      <rows>20</rows>
      <cols>1</cols>
      <dt>f</dt>
      <data>
        2.20933440e-03 2.09886767e-02 7.34603703e-02 8.96989763e-01
        6.35183649e-03 0. 0. 0. 0. 0. 0. 0. 0. 0. 0. 0. 0. 0. 0. 0.</data></histogram></_>
  <_><id>2</id>
    <height>7.2888910770416260e-02</height>
    <contour2d>
      5.26899874e-01 1.45729594e-02 5.19179404e-01 2.26265602e-02
      5.07634103e-01 2.95214858e-02 4.99213934e-01 3.32682841e-02
      4.98426914e-01 3.32788564e-02 4.89298820e-01 3.18128467e-02
      4.85318601e-01 3.06291599e-02 4.81999218e-01 2.93585118e-02
      4.77033615e-01 2.68976968e-02 4.73265558e-01 2.45417152e-02
      4.70166594e-01 2.21848208e-02 4.66354489e-01 1.86762698e-02
      4.64267254e-01 1.64452083e-02 4.61508721e-01 1.30189639e-02
      4.59303498e-01 9.60227754e-03 4.57025856e-01 5.10337995e-03
      4.54950511e-01 -5.02232229e-04 4.53336000e-01 -6.09041099e-03
      4.52601105e-01 -1.05396453e-02 4.52321112e-01 -1.49896322e-02
      4.52417433e-01 -1.83384977e-02 4.52965856e-01 -2.28910800e-02
      4.53880578e-01 -2.73718424e-02 4.54907715e-01 -3.07436679e-02
      4.56214339e-01 -3.40606235e-02 4.59864676e-01 -4.21148576e-02
      4.60516810e-01 -4.32118177e-02 4.64291692e-01 -4.78574410e-02
      4.70858574e-01 -5.28024025e-02 4.76716757e-01 -5.65600917e-02
      4.81909215e-01 -5.90984449e-02 4.93067533e-01 -6.30387440e-02
      5.01031578e-01 -6.30073696e-02 5.19174814e-01 -5.27091436e-02
      5.24548948e-01 -4.44869213e-02 5.29544234e-01 -3.52687687e-02
      5.31502604e-01 -2.94870678e-02 5.34941971e-01 -5.17361332e-03
      5.32160044e-01 2.96135992e-03</contour2d>
    <histogram type_id="opencv-matrix">
      <rows>20</rows>
      <cols>1</cols>
      <dt>f</dt>
      <data>
        1.66389346e-03 2.10759845e-02 5.65723814e-02 9.08208549e-01
        1.24792010e-02 0. 0. 0. 0. 0. 0. 0. 0. 0. 0. 0. 0. 0. 0. 0.</data></histogram></_>
  <_><id>3</id>
    <height>7.3214530944824219e-02</height>
    <contour2d>
      5.27177215e-01 -4.40734774e-02 5.30685961e-01 -3.55901532e-02
      5.36542892e-01 -1.44708948e-02 5.37605762e-01 -2.84698932e-03
      5.35108566e-01 9.92940832e-03 5.31229913e-01 1.91666763e-02
      5.17096698e-01 3.91454324e-02 5.14065146e-01 4.16345708e-02
      5.07539213e-01 4.25056815e-02 4.95726556e-01 4.30073589e-02
      4.90764171e-01 4.15951423e-02 4.86025095e-01 3.99313569e-02
      4.80288476e-01 3.74997146e-02 4.77744609e-01 3.60166728e-02
      4.73340243e-01 3.25194672e-02 4.69745636e-01 2.90299132e-02
      4.66772139e-01 2.55377721e-02 4.64357913e-01 2.20473986e-02
      4.61801410e-01 1.74982902e-02 4.60262388e-01 1.40968319e-02
      4.59056854e-01 1.07177086e-02 4.57615197e-01 5.09922393e-03
      4.56826299e-01 -5.02404990e-04 4.56706196e-01 -3.86283128e-03
      4.56871420e-01 -7.22679729e-03 4.57471699e-01 -1.17295254e-02
      4.59063560e-01 -1.85022261e-02 4.60143596e-01 -2.18890011e-02
      4.62116778e-01 -2.64063794e-02 4.64012563e-01 -2.97956578e-02
      4.65613067e-01 -3.21907774e-02 4.68381017e-01 -3.56825441e-02
      4.71745402e-01 -3.92552689e-02 4.74490881e-01 -4.16419022e-02
      4.77764934e-01 -4.39959951e-02 4.85224009e-01 -4.89542224e-02
      4.89168972e-01 -5.02681248e-02 4.90856260e-01 -5.06063439e-02
      5.08516192e-01 -5.05330972e-02 5.21641016e-01 -4.62233052e-02</contour2d>
    <histogram type_id="opencv-matrix">
      <rows>20</rows>
      <cols>1</cols>
      <dt>f</dt>
      <data>
        1.89035910e-03 2.02538483e-02 5.40102609e-02 9.08992648e-01
        1.48528218e-02 0. 0. 0. 0. 0. 0. 0. 0. 0. 0. 0. 0. 0. 0. 0.</data></histogram></_>
  <_><id>4</id>
    <height>7.2446107864379883e-02</height>
    <contour2d>
      5.41507423e-01 -2.88463035e-03 5.40851057e-01 1.11907292e-02
      5.39248109e-01 1.58189684e-02 5.32123804e-01 3.43646444e-02
      5.23442805e-01 4.97479886e-02 5.16388774e-01 5.43399453e-02
      5.04684806e-01 5.76059408e-02 4.94245589e-01 5.76779023e-02
      4.89935100e-01 5.68179749e-02 4.84969199e-01 5.48041463e-02
      4.78427231e-01 5.14397286e-02 4.73456413e-01 4.78013717e-02
      4.68694091e-01 4.30634357e-02 4.64495212e-01 3.72671038e-02
      4.59279150e-01 2.77028345e-02 4.58434612e-01 2.52605882e-02
      4.57201242e-01 1.96889285e-02 4.56664622e-01 1.51788155e-02
      4.56506938e-01 1.06937559e-02 4.56616312e-01 8.45722482e-03
      4.57107514e-01 3.98307620e-03 4.58300471e-01 -1.62571203e-03
      4.59398776e-01 -4.99616330e-03 4.61318016e-01 -9.51635092e-03
      4.63068604e-01 -1.29267443e-02 4.65187818e-01 -1.63299236e-02
      4.67870891e-01 -1.97700057e-02 4.71228808e-01 -2.32691299e-02
      4.75512832e-01 -2.68632285e-02 4.80503023e-01 -3.04128807e-02
      4.84863490e-01 -3.27776410e-02 4.87794012e-01 -3.40292901e-02
      4.91504401e-01 -3.52751166e-02 4.99772042e-01 -3.68642770e-02
      5.04677296e-01 -3.67251411e-02 5.13141334e-01 -3.55773754e-02
      5.15847862e-01 -3.44056375e-02 5.17966807e-01 -3.32604200e-02
      5.22233784e-01 -2.85003576e-02</contour2d>
    <histogram type_id="opencv-matrix">
      <rows>20</rows>
      <cols>1</cols>
      <dt>f</dt>
      <data>
        2.73672678e-03 2.29885057e-02 5.74712642e-02 8.97646427e-01
        1.91570874e-02 0. 0. 0. 0. 0. 0. 0. 0. 0. 0. 0. 0. 0. 0. 0.</data></histogram></_>
  <_><id>5</id>
    <height>7.1610569953918457e-02</height>
    <contour2d>
      5.24276733e-01 6.42173167e-04 5.25225103e-01 8.75195116e-03
      5.24393201e-01 3.17312889e-02 5.22850215e-01 4.68331575e-02
      5.14654815e-01 5.69696501e-02 5.11697888e-01 6.03810847e-02
      5.04483223e-01 6.59758449e-02 5.00729144e-01 6.82408065e-02
      4.91966307e-01 7.17178658e-02 4.79344547e-01 7.17086494e-02
      4.74213809e-01 7.02711195e-02 4.70960915e-01 6.90225735e-02
      4.68247771e-01 6.77108467e-02 4.64046359e-01 6.51609153e-02
      4.60630804e-01 6.26092106e-02 4.56631124e-01 5.91497496e-02
      4.54233795e-01 5.66542856e-02 4.50935364e-01 5.24680801e-02
      4.46658134e-01 4.54900041e-02 4.44556624e-01 3.97388861e-02
      4.43089068e-01 3.40906456e-02 4.42354620e-01 2.74068527e-02
      4.42725837e-01 2.07316969e-02 4.43686724e-01 1.51869198e-02
      4.46905553e-01 5.07069379e-03 4.48696256e-01 1.72013114e-03
      4.50864047e-01 -1.61165278e-03 4.54451829e-01 -6.09458471e-03
      4.56628710e-01 -8.36253725e-03 4.60470617e-01 -1.17413690e-02
      4.63635504e-01 -1.40435211e-02 4.65428889e-01 -1.52098145e-02
