<?xml version="1.0"?>
<opencv_storage>
<obj>
  <_><id>1</id>
    <height>1.6968411207199097e-01</height>
    <contour2d>
      3.90028566e-01 -5.42458773e-01 3.86393756e-01 -5.39688587e-01
      3.83758485e-01 -5.38465142e-01 3.78988624e-01 -5.36603987e-01
      3.74714255e-01 -5.35308897e-01 3.70606691e-01 -5.34235060e-01
      3.63040358e-01 -5.32832026e-01 3.54846090e-01 -5.31537890e-01
      3.50421607e-01 -5.31062961e-01 3.46286565e-01 -5.31001329e-01
      3.42335373e-01 -5.31198382e-01 3.39741409e-01 -5.31449556e-01
      3.36085200e-01 -5.32087922e-01 3.33681494e-01 -5.32638729e-01
      3.23484391e-01 -5.35611570e-01 3.17239493e-01 -5.37847579e-01
      3.10108989e-01 -5.41061282e-01 3.04622442e-01 -5.44220805e-01
      3.00387114e-01 -5.47019958e-01 2.98541695e-01 -5.48483789e-01
      2.97490954e-01 -5.49678922e-01 2.96705663e-01 -5.50937295e-01
      2.96393007e-01 -5.52671850e-01 2.96302557e-01 -5.54868817e-01
      2.96646655e-01 -5.62792420e-01 2.97866076e-01 -5.74570894e-01
      2.98441678e-01 -5.77126563e-01 3.08464944e-01 -5.79928219e-01
      3.24979126e-01 -5.80990732e-01 3.32461357e-01 -5.80833375e-01
      3.41544837e-01 -5.78133047e-01 3.73251855e-01 -5.63275874e-01
      3.77212405e-01 -5.61119854e-01 3.84836018e-01 -5.52409291e-01</contour2d>
    <histogram type_id="opencv-matrix">
      <rows>20</rows>
      <cols>1</cols>
      <dt>f</dt>
      <data>
        6.33997396e-02 1.80311184e-02 8.51243258e-01 3.05365701e-03
        1.45412236e-03 7.27061182e-04 0. 4.36236733e-04 8.72473465e-04
        2.18118355e-03 4.78406250e-02 1.16329791e-03 2.90824479e-04 0.
        0. 1.45412239e-04 7.27061182e-04 5.96190197e-03 2.47200811e-03
        0.</data></histogram></_>
  <_><id>2</id>
    <height>1.6972279548645020e-01</height>
    <contour2d>
      3.58431578e-01 -5.58885574e-01 3.56841773e-01 -5.56492090e-01
      3.52176070e-01 -5.54141343e-01 3.45899314e-01 -5.51682770e-01
      3.40033829e-01 -5.49838960e-01 3.34582925e-01 -5.48575640e-01
      3.22723657e-01 -5.46247303e-01 3.18476021e-01 -5.45743823e-01
      3.14505875e-01 -5.45692325e-01 3.10659260e-01 -5.45831800e-01
      3.06970417e-01 -5.46235561e-01 3.03430140e-01 -5.46898603e-01
      2.91266620e-01 -5.49957991e-01 2.83801883e-01 -5.52512765e-01
      2.79123902e-01 -5.54608464e-01 2.75700659e-01 -5.56341887e-01
      2.69227803e-01 -5.60227275e-01 2.68060625e-01 -5.61122358e-01
      2.66347528e-01 -5.63161254e-01 2.65796006e-01 -5.65095365e-01
      2.65543431e-01 -5.70141077e-01 2.65708774e-01 -5.78635573e-01
      2.66386509e-01 -5.87988555e-01 2.70360112e-01 -5.90994537e-01
      2.95942396e-01 -5.96001148e-01 3.08129907e-01 -5.92758715e-01
      3.46756756e-01 -5.79244196e-01 3.49727005e-01 -5.77434182e-01</contour2d>
    <histogram type_id="opencv-matrix">
      <rows>20</rows>
      <cols>1</cols>
      <dt>f</dt>
      <data>
        6.40386865e-02 1.65592022e-02 8.53018761e-01 3.66354035e-03
        1.46541616e-03 4.39624826e-04 7.32708082e-04 5.86166454e-04
        5.86166454e-04 1.61195779e-03 4.68933173e-02 1.02579128e-03
        4.39624826e-04 7.32708082e-04 0. 0. 7.32708082e-04
        5.71512291e-03 1.75849930e-03 0.</data></histogram></_>
  <_><id>3</id>
    <height>1.6972923278808594e-01</height>
    <contour2d>
      3.50679904e-01 -5.51615775e-01 3.49039555e-01 -5.49190223e-01
      3.47079456e-01 -5.48578143e-01 3.43584359e-01 -5.47991276e-01
      3.36900830e-01 -5.47312379e-01 3.33769619e-01 -5.47276437e-01
      3.26234102e-01 -5.47584832e-01 3.17655653e-01 -5.48617244e-01
      3.12196821e-01 -5.49672484e-01 3.04865122e-01 -5.51541388e-01
      2.97419280e-01 -5.54442883e-01 2.90110379e-01 -5.58239758e-01
      2.86747336e-01 -5.60180545e-01 2.82380760e-01 -5.63009858e-01
      2.77086109e-01 -5.66909432e-01 2.74004132e-01 -5.69475114e-01
      2.71996379e-01 -5.71302533e-01 2.65717238e-01 -5.78198314e-01
      2.63840526e-01 -5.80840886e-01 2.63223886e-01 -5.82238972e-01
      2.63028294e-01 -5.83683848e-01 2.63115823e-01 -5.84880114e-01
      2.64861435e-01 -5.91089368e-01 2.67662913e-01 -5.98905742e-01
      2.74492919e-01 -6.07207358e-01 2.95111865e-01 -6.04659498e-01
      3.42809528e-01 -5.86353242e-01 3.51851523e-01 -5.72073758e-01
      3.52755845e-01 -5.60268521e-01 3.52629244e-01 -5.57882726e-01
      3.52225184e-01 -5.55070281e-01</contour2d>
    <histogram type_id="opencv-matrix">
      <rows>20</rows>
      <cols>1</cols>
      <dt>f</dt>
      <data>
        7.41812661e-02 1.96496584e-02 8.47677112e-01 1.37090636e-03
        4.56968788e-04 0. 0. 1.52322929e-04 3.04645859e-04
        9.13937576e-04 4.37166803e-02 1.52322929e-04 3.04645859e-04 0.
        0. 0. 4.56968788e-04 8.07311572e-03 2.58948980e-03 0.</data></histogram></_>
  <_><id>4</id>
    <height>1.6979360580444336e-01</height>
    <contour2d>
      3.55945736e-01 -5.59928179e-01 3.54277819e-01 -5.56071341e-01
      3.50798607e-01 -5.49414277e-01 3.48510116e-01 -5.45890033e-01
      3.46101165e-01 -5.44556081e-01 3.44362974e-01 -5.44259965e-01
      3.41159761e-01 -5.44120312e-01 3.35013151e-01 -5.44288278e-01
      3.30662429e-01 -5.44755459e-01 3.25107902e-01 -5.45730233e-01
      3.19729775e-01 -5.46971440e-01 3.14477056e-01 -5.48406124e-01
      3.06956708e-01 -5.51095128e-01 3.02250415e-01 -5.53315997e-01
      2.97678322e-01 -5.55772424e-01 2.91084588e-01 -5.59964895e-01
      2.85791427e-01 -5.63882589e-01 2.82706171e-01 -5.66440582e-01
      2.76936501e-01 -5.72129488e-01 2.72408128e-01 -5.77481866e-01
      2.68415630e-01 -5.83259642e-01 2.66759485e-01 -5.85989237e-01
      2.66021788e-01 -5.87586641e-01 2.65589982e-01 -5.89450359e-01
      2.66420692e-01 -5.92920303e-01 2.69967407e-01 -5.99432707e-01
      2.75541335e-01 -6.07320487e-01 2.81192452e-01 -6.09993875e-01
      2.97732115e-01 -6.07288778e-01 3.46244812e-01 -5.80634892e-01
      3.49735796e-01 -5.77449083e-01 3.52695495e-01 -5.73370218e-01
      3.57592255e-01 -5.64942956e-01</contour2d>
    <histogram type_id="opencv-matrix">
      <rows>20</rows>
      <cols>1</cols>
      <dt>f</dt>
      <data>
        7.71880373e-02 1.81618910e-02 8.60654473e-01 2.81822449e-03
        6.26272114e-04 1.56568029e-04 0. 0. 0. 1.25254423e-03
        2.94347890e-02 0. 0. 0. 0. 0. 1.56568029e-04 6.57585729e-03
        2.97479262e-03 0.</data></histogram></_>
  <_><id>5</id>
    <height>1.6976505517959595e-01</height>
    <contour2d>
      3.59856188e-01 -5.43909788e-01 3.52293193e-01 -5.37427783e-01
      3.49371135e-01 -5.35105169e-01 3.43676239e-01 -5.30954897e-01
      3.41254979e-01 -5.29595137e-01 3.39524746e-01 -5.29311895e-01
      3.38085473e-01 -5.29470384e-01 3.35538477e-01 -5.30304134e-01
      3.28335524e-01 -5.33519149e-01 3.21685344e-01 -5.37585497e-01
      3.16346884e-01 -5.41327298e-01 3.12180549e-01 -5.44520259e-01
      3.08125407e-01 -5.47938228e-01 3.02478433e-01 -5.53755462e-01
      2.98948884e-01 -5.58050275e-01 2.95588672e-01 -5.62716842e-01
      2.93211341e-01 -5.66472292e-01 2.89524883e-01 -5.73274016e-01
      2.88181275e-01 -5.76235831e-01 2.85663903e-01 -5.82580984e-01
      2.84079432e-01 -5.87883890e-01 2.83228546e-01 -5.91647863e-01
      2.82150388e-01 -5.97773910e-01 2.82021195e-01 -6.00784242e-01
      2.85385072e-01 -6.04158103e-01 2.99956590e-01 -6.05264485e-01
      3.12827945e-01 -6.05485499e-01 3.40995729e-01 -5.83624065e-01
      3.49341512e-01 -5.74064970e-01 3.57520849e-01 -5.60908020e-01
      3.61350924e-01 -5.46307564e-01</contour2d>
    <histogram type_id="opencv-matrix">
      <rows>20</rows>
      <cols>1</cols>
      <dt>f</dt>
      <data>
        7.10795894e-02 1.85973216e-02 8.75334918e-01 9.45626525e-04
        1.57604416e-04 3.15208832e-04 0. 0. 0. 1.57604416e-04
        2.37982664e-02 0. 0. 0. 0. 0. 0. 6.30417652e-03 3.30969272e-03
        0.</data></histogram></_>
  <_><id>6</id>
    <height>1.6998374462127686e-01</height>
    <contour2d>
      3.35129857e-01 -5.05773544e-01 3.33382308e-01 -5.05388618e-01
