<?xml version="1.0"?>
<opencv_storage>
<obj>
  <_><id>1</id>
    <height>4.9571216106414795e-02</height>
    <contour2d>
      4.99637812e-01 -1.87117290e-02 4.98183191e-01 -1.18691213e-02
      4.95280176e-01 -5.03870798e-03 4.91013438e-01 1.75060786e-03
      4.79917914e-01 1.06615610e-02 4.71950918e-01 1.39075937e-02
      4.65507895e-01 1.49290301e-02 4.58599359e-01 1.48209715e-02
      4.53267515e-01 1.36530874e-02 4.49854702e-01 1.25343958e-02
      4.43233103e-01 9.21498518e-03 4.40214902e-01 7.03214481e-03
      4.37608719e-01 4.87203104e-03 4.35418963e-01 2.72708200e-03
      4.33581978e-01 5.87860122e-04 4.31432694e-01 -2.60483939e-03
      4.28677738e-01 -7.89819285e-03 4.27556366e-01 -1.10694906e-02
      4.26438063e-01 -1.52936717e-02 4.25962836e-01 -1.84420720e-02
      4.25694376e-01 -2.15949733e-02 4.25848752e-01 -2.58316044e-02
      4.26431149e-01 -3.01120952e-02 4.27252263e-01 -3.32867056e-02
      4.28875685e-01 -3.76121290e-02 4.31665659e-01 -4.30649556e-02
      4.33890730e-01 -4.63369563e-02 4.38481033e-01 -5.07917851e-02
      4.43141431e-01 -5.43456301e-02 4.47598100e-01 -5.66778407e-02
      4.50596124e-01 -5.79760075e-02 4.54613984e-01 -5.93083017e-02
      4.64667588e-01 -5.98420240e-02 4.69998866e-01 -5.90464845e-02
      4.78131056e-01 -5.61722554e-02 4.84175622e-01 -5.31883091e-02
      4.87008244e-01 -5.10894991e-02 4.91416246e-01 -4.68057580e-02
      4.95503962e-01 -4.01769355e-02 4.98354375e-01 -3.34675014e-02
      4.99633998e-01 -2.55371649e-02</contour2d>
    <histogram type_id="opencv-matrix">
      <rows>20</rows>
      <cols>1</cols>
      <dt>f</dt>
      <data>
        1. 0. 0. 0. 0. 0. 0. 0. 0. 0. 0. 0. 0. 0. 0. 0. 0. 0. 0. 0.</data></histogram></_>
  <_><id>2</id>
    <height>4.9775481224060059e-02</height>
    <contour2d>
      4.88300890e-01 3.10052652e-02 4.85263377e-01 4.21184227e-02
      4.79305983e-01 5.07619753e-02 4.76652473e-01 5.39740957e-02
      4.69839096e-01 5.91363050e-02 4.65618432e-01 6.10712618e-02
      4.58189517e-01 6.39622584e-02 4.52610612e-01 6.46561682e-02
      4.46245909e-01 6.42609224e-02 4.39650208e-01 6.27405271e-02
      4.36281443e-01 6.15120679e-02 4.31633651e-01 5.91408126e-02
      4.28204000e-01 5.67045659e-02 4.25643325e-01 5.44347465e-02
      4.23437089e-01 5.22329547e-02 4.20824647e-01 4.89227623e-02
      4.18845177e-01 4.57217470e-02 4.17245895e-01 4.24673147e-02
      4.15997624e-01 3.92719135e-02 4.15056825e-01 3.61203961e-02
      4.14221644e-01 3.19370925e-02 4.13982570e-01 2.98234746e-02
      4.14166957e-01 2.45507583e-02 4.14445460e-01 2.14426480e-02
      4.14972603e-01 1.83435529e-02 4.16317642e-01 1.41868973e-02
      4.17626768e-01 1.10634621e-02 4.19798344e-01 6.88093668e-03
      4.22101080e-01 3.73787642e-03 4.24976110e-01 5.82843495e-04
      4.27267790e-01 -1.53303659e-03 4.30063784e-01 -3.66279343e-03
      4.35685247e-01 -6.87959557e-03 4.41186637e-01 -9.07122344e-03
      4.48745191e-01 -1.02191484e-02 4.52544153e-01 -1.02560073e-02
      4.58952904e-01 -9.22638737e-03 4.63021338e-01 -8.16833042e-03
      4.68390405e-01 -6.00671489e-03 4.78047282e-01 1.72750582e-03
      4.80781347e-01 5.08049782e-03 4.83619452e-01 9.57249571e-03
      4.86542314e-01 1.63384154e-02 4.88214552e-01 2.31226496e-02</contour2d>
    <histogram type_id="opencv-matrix">
      <rows>20</rows>
      <cols>1</cols>
      <dt>f</dt>
      <data>
        9.99999940e-01 0. 0. 0. 0. 0. 0. 0. 0. 0. 0. 0. 0. 0. 0. 0. 0.
        0. 0. 0.</data></histogram></_>
  <_><id>3</id>
    <height>4.9920976161956787e-02</height>
    <contour2d>
      4.66761976e-01 4.57156152e-02 4.66752470e-01 6.22172840e-02
      4.63059515e-01 7.29948282e-02 4.61616993e-01 7.50664398e-02
      4.57553178e-01 8.02046880e-02 4.47039962e-01 8.79878923e-02
      4.39019769e-01 9.04314592e-02 4.35256779e-01 9.11583751e-02
      4.29345727e-01 9.17357504e-02 4.24295962e-01 9.12451148e-02
      4.17276591e-01 8.96026194e-02 4.12456065e-01 8.70751590e-02
      4.08757895e-01 8.46452117e-02 4.05862212e-01 8.22248608e-02
      4.03591782e-01 7.99844712e-02 4.00826246e-01 7.68022165e-02
      3.98480296e-01 7.35295787e-02 3.96858215e-01 7.02513978e-02
      3.95620286e-01 6.70772791e-02 3.94422323e-01 6.28986433e-02
      3.93517405e-01 5.47038205e-02 3.94207746e-01 4.75352332e-02
      3.95406544e-01 4.24874648e-02 3.97623181e-01 3.74529064e-02
      3.98698747e-01 3.54362689e-02 4.01409924e-01 3.14501524e-02
      4.04006869e-01 2.84548867e-02 4.06104237e-01 2.64310893e-02
      4.09767419e-01 2.34218538e-02 4.11253572e-01 2.24321783e-02
      4.17413294e-01 1.94383133e-02 4.20550436e-01 1.84296649e-02
      4.24799472e-01 1.74763370e-02 4.37830210e-01 1.76839419e-02
      4.45743173e-01 1.99893080e-02 4.49338406e-01 2.22124476e-02
      4.59917426e-01 3.11913751e-02 4.64060873e-01 3.79115269e-02
      4.65430200e-01 4.12612781e-02</contour2d>
    <histogram type_id="opencv-matrix">
      <rows>20</rows>
      <cols>1</cols>
      <dt>f</dt>
      <data>
        9.99999940e-01 0. 0. 0. 0. 0. 0. 0. 0. 0. 0. 0. 0. 0. 0. 0. 0.
        0. 0. 0.</data></histogram></_>
  <_><id>4</id>
    <height>5.0004959106445312e-02</height>
    <contour2d>
      4.36505079e-01 7.63353035e-02 4.35072988e-01 8.36532488e-02
      4.32373852e-01 8.97622928e-02 4.27507073e-01 9.77915451e-02
      4.23765957e-01 1.01619765e-01 4.17672813e-01 1.06217481e-01
      4.10456002e-01 1.09581806e-01 4.04303819e-01 1.10890999e-01
      3.99597943e-01 1.11368500e-01 3.90272856e-01 1.10257842e-01
      3.85062844e-01 1.08767420e-01 3.82171094e-01 1.07557744e-01
      3.77838850e-01 1.04792021e-01 3.74593437e-01 1.02451891e-01
      3.72206241e-01 1.00148194e-01 3.70306790e-01 9.80319306e-02
      3.67324799e-01 9.38243717e-02 3.65059674e-01 8.96122679e-02
      3.62865508e-01 8.34677890e-02 3.62000823e-01 7.94909596e-02
      3.61680448e-01 7.74214491e-02 3.61614913e-01 7.34603330e-02
      3.62421244e-01 6.65715262e-02 3.63816440e-01 6.17915466e-02
      3.64970416e-01 5.89133836e-02 3.66986334e-01 5.50533235e-02
      3.68175030e-01 5.31538352e-02 3.71087015e-01 4.92899641e-02
      3.73030245e-01 4.73679639e-02 3.76073927e-01 4.46216874e-02
      3.80235404e-01 4.17710058e-02 3.83869708e-01 3.99411768e-02
      3.86070162e-01 3.90164889e-02 3.91912818e-01 3.72343287e-02
      4.00305212e-01 3.65605615e-02 4.01424229e-01 3.65989916e-02
      4.07686591e-01 3.78050320e-02 4.15182143e-01 4.02127504e-02
      4.18388098e-01 4.24003527e-02 4.28582907e-01 5.13391420e-02
      4.34955597e-01 6.33966550e-02 4.36329812e-01 7.20299706e-02</contour2d>
    <histogram type_id="opencv-matrix">
      <rows>20</rows>
      <cols>1</cols>
      <dt>f</dt>
      <data>
        1. 0. 0. 0. 0. 0. 0. 0. 0. 0. 0. 0. 0. 0. 0. 0. 0. 0. 0. 0.</data></histogram></_>
  <_><id>5</id>
    <height>5.0160586833953857e-02</height>
    <contour2d>
      4.69393611e-01 1.31860286e-01 4.66657698e-01 1.39195561e-01
      4.61072177e-01 1.47116661e-01 4.58487868e-01 1.50029361e-01
      4.47975159e-01 1.57081708e-01 4.44220275e-01 1.58673808e-01
      4.39143300e-01 1.60012305e-01 4.35361803e-01 1.60470858e-01
      4.28155363e-01 1.60453394e-01 4.25586969e-01 1.60002470e-01
      4.18044478e-01 1.57656193e-01 4.14864779e-01 1.56249046e-01
      4.12780523e-01 1.54980510e-01 4.09240544e-01 1.52352855e-01
      4.06512648e-01 1.49731696e-01 4.04352754e-01 1.47397444e-01
      4.01747227e-01 1.43821225e-01 3.99287045e-01 1.39301434e-01
      3.97403091e-01 1.35065079e-01 3.96521747e-01 1.31590024e-01
      3.96051764e-01 1.28664628e-01 3.95786285e-01 1.25476480e-01
      3.95782053e-01 1.21379152e-01 3.96039844e-01 1.18411623e-01
      3.97295415e-01 1.12435862e-01 3.99557292e-01 1.06512494e-01
      4.02666092e-01 1.01603776e-01 4.05025005e-01 9.87538174e-02
      4.07736599e-01 9.59971398e-02 4.09938753e-01 9.40994769e-02
      4.12453920e-01 9.22854692e-02 4.17251766e-01 8.95955414e-02
      4.21283990e-01 8.79347622e-02 4.24236417e-01 8.70120078e-02
