<?xml version="1.0"?>
<opencv_storage>
<obj>
  <_><id>1</id>
    <height>3.6832213401794434e-02</height>
    <contour2d>
      4.65886086e-01 -1.29244998e-01 4.64747041e-01 -1.15026027e-01
      4.59876508e-01 -1.06830090e-01 4.56131965e-01 -1.02151789e-01
      4.53142732e-01 -9.92680565e-02 4.47230428e-01 -9.71437171e-02
      4.42807198e-01 -9.58154276e-02 4.40563709e-01 -9.55585241e-02
      4.37672108e-01 -9.54927504e-02 4.30228680e-01 -9.64473635e-02
      4.26001519e-01 -9.79367793e-02 4.23461616e-01 -9.91285518e-02
      4.20741349e-01 -1.00662142e-01 4.18798894e-01 -1.02021612e-01
      4.15359467e-01 -1.04865924e-01 4.12613064e-01 -1.07930236e-01
      4.10649687e-01 -1.10802889e-01 4.09160823e-01 -1.13836236e-01
      4.08037126e-01 -1.17004983e-01 4.07268733e-01 -1.19804770e-01
      4.06702131e-01 -1.26297072e-01 4.07130390e-01 -1.32119700e-01
      4.07837570e-01 -1.35525554e-01 4.09607053e-01 -1.40387282e-01
      4.11181062e-01 -1.43615976e-01 4.12063718e-01 -1.44970804e-01
      4.15452570e-01 -1.49064764e-01 4.18379188e-01 -1.51700780e-01
      4.25042778e-01 -1.55499890e-01 4.39617664e-01 -1.55546740e-01
      4.45001841e-01 -1.52471811e-01 4.61493939e-01 -1.36524871e-01</contour2d>
    <histogram type_id="opencv-matrix">
      <rows>20</rows>
      <cols>1</cols>
      <dt>f</dt>
      <data>
        9.29978117e-02 2.89934367e-01 6.17067814e-01 0. 0. 0. 0. 0. 0.
        0. 0. 0. 0. 0. 0. 0. 0. 0. 0. 0.</data></histogram></_>
  <_><id>2</id>
    <height>3.7435352802276611e-02</height>
    <contour2d>
      4.28942412e-01 -1.92301795e-02 4.29247648e-01 -1.46095175e-02
      4.28140670e-01 -8.42969492e-03 4.26505357e-01 -2.24787113e-03
      4.22280818e-01 2.40512658e-03 4.06461805e-01 1.31373545e-02
      4.01661843e-01 1.46286078e-02 3.90955448e-01 1.46085406e-02
      3.85676295e-01 1.30139580e-02 3.82781893e-01 1.14784613e-02
      3.80557626e-01 9.92470700e-03 3.78875345e-01 8.39742552e-03
      3.75985175e-01 5.36530698e-03 3.74801427e-01 3.85576230e-03
      3.72292310e-01 -6.78119890e-04 3.71637553e-01 -2.18426599e-03
      3.70285571e-01 -6.70555048e-03 3.69831830e-01 -9.70373675e-03
      3.69656593e-01 -1.27049442e-02 3.69976252e-01 -1.72368530e-02
      3.70359153e-01 -2.02769488e-02 3.71598721e-01 -2.47974303e-02
      3.72747183e-01 -2.78002024e-02 3.74180347e-01 -3.08327004e-02
      3.75997990e-01 -3.39162722e-02 3.77078503e-01 -3.54025289e-02
      3.80062848e-01 -3.86605263e-02 3.81778449e-01 -4.02426086e-02
      3.83842707e-01 -4.18806858e-02 3.86676222e-01 -4.34470288e-02
      3.90674442e-01 -4.49965149e-02 4.05377537e-01 -4.50797379e-02
      4.09991801e-01 -4.36552949e-02 4.16438252e-01 -4.07524109e-02
      4.23611075e-01 -3.14482078e-02 4.26545620e-01 -2.53235977e-02</contour2d>
    <histogram type_id="opencv-matrix">
      <rows>20</rows>
      <cols>1</cols>
      <dt>f</dt>
      <data>
        2.20588222e-01 4.37306494e-01 3.42105240e-01 0. 0. 0. 0. 0. 0.
        0. 0. 0. 0. 0. 0. 0. 0. 0. 0. 0.</data></histogram></_>
  <_><id>3</id>
    <height>3.7560641765594482e-02</height>
    <contour2d>
      6.79479897e-01 -7.96030648e-03 6.76747441e-01 -2.59305001e-03
      6.72940016e-01 2.78154877e-03 6.54819310e-01 1.33905662e-02
      6.40572071e-01 1.33702103e-02 6.36701047e-01 1.15803862e-02
      6.31756246e-01 8.01544264e-03 6.29983068e-01 6.25098357e-03
      6.27488613e-01 2.72565265e-03 6.25498950e-01 -7.86869437e-04
      6.24723017e-01 -2.54521403e-03 6.23621166e-01 -6.04700297e-03
      6.22809112e-01 -1.12901237e-02 6.22758448e-01 -1.30396998e-02
      6.23117983e-01 -1.83562972e-02 6.24217391e-01 -2.36097164e-02
      6.25437200e-01 -2.71075238e-02 6.27003491e-01 -3.06221768e-02
      6.29075229e-01 -3.41707803e-02 6.32010400e-01 -3.77886556e-02
      6.36117399e-01 -4.15163860e-02 6.39054716e-01 -4.34039421e-02
      6.43402338e-01 -4.51680608e-02 6.44323885e-01 -4.53701727e-02
      6.55891299e-01 -4.50904518e-02 6.60837948e-01 -4.33553755e-02
      6.64470673e-01 -4.16300260e-02 6.73498273e-01 -3.46228667e-02
      6.77616656e-01 -2.39257645e-02 6.79507256e-01 -1.32947741e-02</contour2d>
    <histogram type_id="opencv-matrix">
      <rows>20</rows>
      <cols>1</cols>
      <dt>f</dt>
      <data>
        2.57743359e-01 4.36946899e-01 3.05309743e-01 0. 0. 0. 0. 0. 0.
        0. 0. 0. 0. 0. 0. 0. 0. 0. 0. 0.</data></histogram></_>
  <_><id>4</id>
    <height>3.7937164306640625e-02</height>
    <contour2d>
      6.84532285e-01 -2.59415596e-03 6.77639067e-01 6.36871718e-03
      6.72451735e-01 9.96985380e-03 6.55001521e-01 1.16526550e-02
      6.50264919e-01 1.16792750e-02 6.45025969e-01 9.85596981e-03
      6.41932130e-01 8.05675797e-03 6.39538050e-01 6.29352219e-03
      6.35817528e-01 2.74570053e-03 6.34321570e-01 9.73406131e-04
      6.33228600e-01 -7.89565966e-04 6.31434500e-01 -4.30897018e-03
      6.30217612e-01 -7.83275440e-03 6.29831076e-01 -9.58654284e-03
      6.29514813e-01 -1.30977314e-02 6.29504681e-01 -1.66143458e-02
      6.29625142e-01 -1.83769744e-02 6.30280375e-01 -2.19218377e-02
      6.32095754e-01 -2.72220131e-02 6.35307252e-01 -3.26141343e-02
      6.38134122e-01 -3.61398272e-02 6.39890909e-01 -3.79262045e-02
      6.44216180e-01 -4.15661745e-02 6.47152185e-01 -4.34539989e-02
      6.50631130e-01 -4.52716202e-02 6.57775521e-01 -4.74046879e-02
      6.62116110e-01 -4.72618490e-02 6.66954637e-01 -4.53803837e-02
      6.72763288e-01 -4.17997390e-02 6.82195902e-01 -3.29965241e-02
      6.85938716e-01 -1.86631046e-02 6.85966253e-01 -1.33050419e-02
      6.85416162e-01 -6.16986491e-03</contour2d>
    <histogram type_id="opencv-matrix">
      <rows>20</rows>
      <cols>1</cols>
      <dt>f</dt>
      <data>
        2.40950242e-01 4.71719474e-01 2.87330329e-01 0. 0. 0. 0. 0. 0.
        0. 0. 0. 0. 0. 0. 0. 0. 0. 0. 0.</data></histogram></_>
  <_><id>5</id>
    <height>3.8122296333312988e-02</height>
    <contour2d>
      6.92021012e-01 -2.59433053e-02 6.92019343e-01 2.78621027e-03
      6.86811805e-01 1.17810266e-02 6.82632625e-01 1.53869037e-02
      6.77006125e-01 1.71538219e-02 6.65950656e-01 1.71853192e-02
      6.61993861e-01 1.53192664e-02 6.50172651e-01 8.11261125e-03
      6.47482753e-01 6.31647324e-03 6.45520926e-01 4.53412160e-03
      6.43930316e-01 2.75668874e-03 6.42714620e-01 9.77858552e-04
      6.40762806e-01 -2.56523956e-03 6.39507055e-01 -6.11016806e-03
      6.38381422e-01 -1.14019345e-02 6.38198614e-01 -1.31656332e-02
      6.38363242e-01 -1.67059284e-02 6.39013588e-01 -2.02106461e-02
      6.40103459e-01 -2.37895865e-02 6.40822470e-01 -2.55927034e-02
      6.44335985e-01 -3.09370272e-02 6.45889819e-01 -3.28038335e-02
      6.47763491e-01 -3.46059054e-02 6.52681172e-01 -3.81941758e-02
      6.57028377e-01 -4.01812121e-02 6.63301706e-01 -4.21028025e-02
      6.74110293e-01 -4.20088582e-02 6.78878069e-01 -4.02344093e-02</contour2d>
    <histogram type_id="opencv-matrix">
      <rows>20</rows>
      <cols>1</cols>
      <dt>f</dt>
      <data>
        1.80764765e-01 4.98261869e-01 3.20973337e-01 0. 0. 0. 0. 0. 0.
        0. 0. 0. 0. 0. 0. 0. 0. 0. 0. 0.</data></histogram></_>
  <_><id>6</id>
    <height>3.7642419338226318e-02</height>
    <contour2d>
      6.85781956e-01 2.07352899e-02 6.80514157e-01 2.43578851e-02
      6.66030169e-01 2.43202522e-02 6.61968708e-01 2.24837922e-02
      6.59363031e-01 2.06517745e-02 6.57418013e-01 1.88490339e-02
      6.55785203e-01 1.70586724e-02 6.54473901e-01 1.52780237e-02
      6.47169471e-01 2.75795651e-03 6.45402551e-01 -7.96535343e-04
      6.44391894e-01 -4.34155250e-03 6.44110620e-01 -6.12849742e-03
      6.43967569e-01 -9.65373684e-03 6.44280851e-01 -1.32050868e-02
      6.45031393e-01 -1.67740416e-02 6.46977186e-01 -2.21183896e-02
      6.49361253e-01 -2.57137753e-02 6.50752246e-01 -2.74881292e-02
      6.52529776e-01 -2.92823911e-02 6.54756665e-01 -3.11036669e-02
      6.57616675e-01 -3.29669900e-02 6.61480367e-01 -3.48072611e-02
      6.70381367e-01 -3.67832109e-02 6.71366334e-01 -3.67490724e-02
