<?xml version="1.0"?>
<opencv_storage>
<obj>
  <_><id>1</id>
    <height>1.9318222999572754e-01</height>
    <contour2d>
      5.88030398e-01 -4.29048277e-02 5.88229239e-01 -3.66674066e-02
      5.88203669e-01 -3.04108243e-02 5.86125135e-01 1.64734088e-02
      5.83432674e-01 1.80321876e-02 5.76375902e-01 1.95729993e-02
      5.23947477e-01 2.59209406e-02 4.84235883e-01 2.54718401e-02
      4.56768721e-01 2.33672690e-02 4.45879936e-01 2.15063132e-02
      4.36889619e-01 1.96880624e-02 4.30311739e-01 1.79376751e-02
      4.28891242e-01 1.55569827e-02 4.28590506e-01 1.46805281e-02
      4.27256346e-01 -6.28637057e-03 4.27154720e-01 -2.60619614e-02
      4.27749723e-01 -4.01155539e-02 4.28977013e-01 -4.45130132e-02
      4.29373413e-01 -4.52263281e-02 4.29761320e-01 -4.54480350e-02
      4.57379729e-01 -4.54031192e-02</contour2d>
    <histogram type_id="opencv-matrix">
      <rows>20</rows>
      <cols>1</cols>
      <dt>f</dt>
      <data>
        8.79910707e-01 6.98660687e-02 7.81250000e-03 0. 0. 0. 0. 0. 0.
        0. 0. 0. 0. 0. 0. 0. 0. 3.03571429e-02 1.20535716e-02 0.</data></histogram></_>
  <_><id>2</id>
    <height>1.9321560859680176e-01</height>
    <contour2d>
      5.93618155e-01 -3.67752612e-02 5.93901515e-01 -2.73809526e-02
      5.92442870e-01 -1.32539254e-02 5.90906739e-01 -7.03076483e-04
      5.86867690e-01 2.57599000e-02 5.66311300e-01 2.84618251e-02
      5.50535738e-01 2.82441322e-02 5.23883760e-01 2.59170234e-02
      5.03229141e-01 2.38876250e-02 4.86090153e-01 2.19927393e-02
      4.73208338e-01 2.01017670e-02 4.63434309e-01 1.82377398e-02
      4.54924971e-01 1.64515618e-02 4.47828501e-01 1.46739744e-02
      4.31804806e-01 9.43930075e-03 4.30295765e-01 7.23265065e-03
      4.30230409e-01 5.46429818e-03 4.31130350e-01 -1.61933433e-02
      4.32886869e-01 -3.88909467e-02 4.33884770e-01 -4.59483042e-02
      4.34888750e-01 -5.01680933e-02 4.36015457e-01 -5.27945943e-02
      4.36609149e-01 -5.34639619e-02 4.37121898e-01 -5.37389703e-02
      4.52024996e-01 -5.23657426e-02</contour2d>
    <histogram type_id="opencv-matrix">
      <rows>20</rows>
      <cols>1</cols>
      <dt>f</dt>
      <data>
        8.56302500e-01 9.95798334e-02 7.56302522e-03 0. 0. 0. 0. 0. 0.
        0. 0. 0. 0. 0. 0. 0. 0. 2.85714287e-02 7.14285718e-03
        8.40336143e-04</data></histogram></_>
  <_><id>3</id>
    <height>1.9308704137802124e-01</height>
    <contour2d>
      5.95246375e-01 -3.05209681e-02 5.95770121e-01 -2.26983931e-02
      5.92829645e-01 -2.27399566e-03 5.86075544e-01 2.73991618e-02
      5.84320009e-01 2.81097572e-02 5.71048260e-01 3.22360918e-02
      5.62924445e-01 3.21007818e-02 5.42345226e-01 2.99190804e-02
      5.15678763e-01 2.58724950e-02 4.92785901e-01 2.20377780e-02
      4.82843250e-01 2.02246886e-02 4.66021478e-01 1.65608339e-02
      4.53375608e-01 1.30030038e-02 4.47934121e-01 1.12454565e-02
      4.38771695e-01 7.76766147e-03 4.31447357e-01 4.33353707e-03
      4.30515647e-01 2.46699550e-03 4.30501372e-01 8.45795439e-04
      4.31424767e-01 -1.05449967e-02 4.34599966e-01 -3.46947238e-02
      4.36107218e-01 -4.46701795e-02 4.37017351e-01 -4.88897823e-02
      4.38177913e-01 -5.31420559e-02 4.39828187e-01 -5.70597164e-02
      4.40953702e-01 -5.78734204e-02 4.41498429e-01 -5.79756647e-02
      4.56871003e-01 -5.54296374e-02 5.89842081e-01 -3.19956504e-02</contour2d>
    <histogram type_id="opencv-matrix">
      <rows>20</rows>
      <cols>1</cols>
      <dt>f</dt>
      <data>
        8.44493330e-01 1.13132119e-01 6.59604231e-03 0. 0. 0. 0. 0. 0.
        0. 0. 0. 0. 0. 0. 0. 0. 2.81830896e-02 7.39556272e-03
        1.99880073e-04</data></histogram></_>
  <_><id>4</id>
    <height>1.9308519363403320e-01</height>
    <contour2d>
      5.99283040e-01 -2.27381382e-02 5.99544942e-01 -1.96009576e-02
      5.91304719e-01 1.34210046e-02 5.84075689e-01 3.46797705e-02
      5.83611488e-01 3.54955085e-02 5.73070645e-01 3.72942574e-02
      5.71013689e-01 3.74961086e-02 5.66251040e-01 3.76077965e-02
      5.51959395e-01 3.55005823e-02 5.42299688e-01 3.35308947e-02
      5.33189774e-01 3.15022431e-02 4.95866150e-01 2.21278705e-02
      4.82783377e-01 1.84709411e-02 4.71035600e-01 1.48526318e-02
      4.60484892e-01 1.13225868e-02 4.47795331e-01 6.09351369e-03
      4.37341332e-01 9.41043545e-04 4.34353530e-01 -7.62084499e-04
      4.31737661e-01 -2.46265531e-03 4.31149751e-01 -3.99898179e-03
      4.31141108e-01 -5.29986294e-03 4.34845299e-01 -2.61995252e-02
      4.39440101e-01 -4.47953418e-02 4.43089962e-01 -5.76239824e-02
      4.44421798e-01 -6.04967177e-02 4.45541412e-01 -6.23221397e-02
      4.46257621e-01 -6.31390214e-02 4.56417382e-01 -6.11179657e-02</contour2d>
    <histogram type_id="opencv-matrix">
      <rows>20</rows>
      <cols>1</cols>
      <dt>f</dt>
      <data>
        8.32662463e-01 1.29768074e-01 6.90051774e-03 0. 0. 0. 0. 0. 0.
        0. 0. 0. 0. 0. 0. 0. 0. 2.43434925e-02 6.32547447e-03 0.</data></histogram></_>
  <_><id>5</id>
    <height>1.9322937726974487e-01</height>
    <contour2d>
      6.01354778e-01 -7.01110670e-03 5.98074079e-01 2.44249520e-03
      5.89426994e-01 2.43790019e-02 5.80412805e-01 4.58682962e-02
      5.78919470e-01 4.73908819e-02 5.76842010e-01 4.88852635e-02
      5.66512704e-01 4.67838496e-02 5.57723641e-01 4.46951911e-02
      5.50522029e-01 4.27722335e-02 5.44465899e-01 4.08202857e-02
      5.28843522e-01 3.51071358e-02 4.91583377e-01 2.02963017e-02
      4.79081571e-01 1.49398455e-02 4.63921338e-01 7.87755102e-03
      4.51209813e-01 9.47529508e-04 4.40407664e-01 -5.88906184e-03
      4.33363587e-01 -1.09219151e-02 4.32841033e-01 -1.23303737e-02
      4.32718307e-01 -1.34698572e-02 4.32836711e-01 -1.45384893e-02
      4.39187855e-01 -3.47985364e-02 4.47036773e-01 -5.50219305e-02
      4.50943828e-01 -6.36619180e-02 4.53497380e-01 -6.79863617e-02
      4.54696864e-01 -6.94007128e-02 4.55502182e-01 -6.98118508e-02
      4.72909659e-01 -6.33050874e-02 6.01098478e-01 -1.01581179e-02</contour2d>
    <histogram type_id="opencv-matrix">
      <rows>20</rows>
      <cols>1</cols>
      <dt>f</dt>
      <data>
        8.13073993e-01 1.46407336e-01 6.84314780e-03 0. 0. 0. 0. 0. 0.
        0. 0. 0. 0. 0. 0. 0. 0. 2.75526736e-02 6.12281635e-03 0.</data></histogram></_>
  <_><id>6</id>
    <height>1.9325673580169678e-01</height>
    <contour2d>
      6.01518035e-01 1.19062094e-02 5.71259201e-01 5.98059036e-02
      5.68240404e-01 6.16568066e-02 5.65515101e-01 6.12996556e-02
      5.60670495e-01 5.94424754e-02 5.46830058e-01 5.35923839e-02
      5.32844484e-01 4.59854901e-02 5.20534635e-01 3.84900048e-02
      4.91804063e-01 2.03078073e-02 4.81059581e-01 1.32104987e-02
      4.66049880e-01 2.69014807e-03 4.55081314e-01 -5.94255002e-03
      4.51227218e-01 -9.36331972e-03 4.43941116e-01 -1.61662027e-02
      4.37121898e-01 -2.29374263e-02 4.36524600e-01 -2.45990399e-02
      4.36655134e-01 -2.62175612e-02 4.36808378e-01 -2.68550124e-02
      4.46793139e-01 -4.49728221e-02 4.56527799e-01 -6.11370169e-02
      4.62330252e-01 -6.99639618e-02 4.68381524e-01 -7.67538548e-02
      4.69068915e-01 -7.72501454e-02 4.69285846e-01 -7.72029981e-02
      5.97226083e-01 5.58118522e-03 6.00953400e-01 8.74303840e-03</contour2d>
    <histogram type_id="opencv-matrix">
      <rows>20</rows>
      <cols>1</cols>
      <dt>f</dt>
      <data>
        7.86230624e-01 1.70395866e-01 8.60585179e-03 0. 0. 0. 0. 0. 0.
        0. 0. 0. 0. 0. 0. 0. 0. 2.97762472e-02 4.99139400e-03 0.</data></histogram></_>
  <_><id>7</id>
    <height>1.9322592020034790e-01</height>
    <contour2d>
      5.99653363e-01 2.44928356e-02 5.62274873e-01 6.81492835e-02
      5.59743881e-01 6.97420239e-02 5.58543026e-01 6.98384717e-02
      5.48688173e-01 6.45215958e-02 5.42302668e-01 6.06432520e-02
      5.36706209e-01 5.68929352e-02 5.28788030e-01 5.12612015e-02
      5.17094016e-01 4.18664105e-02 4.93642092e-01 2.20860858e-02
      4.73452032e-01 4.44289204e-03 4.62608367e-01 -5.97114721e-03
