<?xml version="1.0"?>
<opencv_storage>
<obj>
  <_><id>1</id>
    <height>2.1616697311401367e-02</height>
    <contour2d>
      4.51136470e-01 -1.41459592e-02 4.51335013e-01 -1.07155656e-02
      4.49152738e-01 7.44087528e-03 4.45091784e-01 1.19661707e-02
      4.37618911e-01 1.53109487e-02 4.29473579e-01 1.52611677e-02
      4.26237583e-01 1.40709868e-02 4.24031794e-01 1.29318377e-02
      4.20803189e-01 1.06728012e-02 4.18700397e-01 8.40537902e-03
      4.17115867e-01 6.18239772e-03 4.15829122e-01 3.94993136e-03
      4.14580315e-01 6.12755364e-04 4.13753033e-01 -3.82026797e-03
      4.13992584e-01 -8.25801492e-03 4.14698005e-01 -1.16103701e-02
      4.15523261e-01 -1.38307912e-02 4.16647404e-01 -1.60658788e-02
      4.18295801e-01 -1.83349513e-02 4.21583503e-01 -2.17245575e-02
      4.23057735e-01 -2.28844061e-02 4.25155580e-01 -2.40292102e-02
      4.27690864e-01 -2.52100620e-02 4.37649995e-01 -2.52978355e-02
      4.44012314e-01 -2.31763031e-02</contour2d>
    <histogram type_id="opencv-matrix">
      <rows>20</rows>
      <cols>1</cols>
      <dt>f</dt>
      <data>
        0. 0. 0. 0. 0. 0. 0. 0. 0. 0. 0. 0. 0. 0. 0. 0. 0. 0. 0. 1.</data></histogram></_>
  <_><id>2</id>
    <height>2.1545410156250000e-02</height>
    <contour2d>
      4.35290009e-01 -3.51904333e-02 4.34734672e-01 -2.05549151e-02
      4.34191585e-01 -1.72294993e-02 4.33635324e-01 -1.50133120e-02
      4.28026468e-01 -8.30586907e-03 4.24422294e-01 -6.07353915e-03
      4.19743419e-01 -4.95391479e-03 4.17627305e-01 -4.94808191e-03
      4.12488103e-01 -6.02823682e-03 4.09654438e-01 -7.12924683e-03
      4.06280726e-01 -9.29017179e-03 4.05009568e-01 -1.03757428e-02
      4.01938230e-01 -1.36478059e-02 4.00567681e-01 -1.58133265e-02
      3.99087548e-01 -1.90566704e-02 3.98446262e-01 -2.12564114e-02
      3.98122519e-01 -2.34166626e-02 3.98056149e-01 -2.88689788e-02
      3.99066448e-01 -3.32524627e-02 3.99981380e-01 -3.54437195e-02
      4.02023613e-01 -3.88747752e-02 4.05227005e-01 -4.22522128e-02
      4.06685174e-01 -4.34365124e-02 4.08545285e-01 -4.45572808e-02
      4.11104381e-01 -4.57825921e-02 4.15631533e-01 -4.70474809e-02
      4.18194115e-01 -4.70412076e-02 4.24119711e-01 -4.61607277e-02
      4.27881390e-01 -4.39701527e-02</contour2d>
    <histogram type_id="opencv-matrix">
      <rows>20</rows>
      <cols>1</cols>
      <dt>f</dt>
      <data>
        0. 0. 0. 0. 0. 0. 0. 0. 0. 0. 0. 0. 0. 0. 0. 0. 0. 0.
        4.50450461e-03 9.95495498e-01</data></histogram></_>
  <_><id>3</id>
    <height>2.1636247634887695e-02</height>
    <contour2d>
      4.82992828e-01 -1.81406047e-02 4.76581216e-01 -1.22701162e-02
      4.71654326e-01 -1.10583678e-02 4.66111481e-01 -1.10292770e-02
      4.62092370e-01 -1.21534569e-02 4.59789336e-01 -1.32649401e-02
      4.57868755e-01 -1.44193517e-02 4.53845501e-01 -1.78282894e-02
      4.51355278e-01 -2.12488808e-02 4.49348390e-01 -2.57739350e-02
      4.48559046e-01 -2.92276591e-02 4.48411733e-01 -3.26592550e-02
      4.48840290e-01 -3.61480601e-02 4.49768364e-01 -3.95995267e-02
      4.52295125e-01 -4.42896038e-02 4.55518901e-01 -4.79382202e-02
      4.58847404e-01 -5.03376648e-02 4.61296976e-01 -5.15875183e-02
      4.67730969e-01 -5.31555787e-02 4.69899267e-01 -5.30716889e-02
      4.72947180e-01 -5.18184192e-02 4.76760477e-01 -4.95080352e-02
      4.81561720e-01 -4.37033996e-02 4.84755784e-01 -3.55762504e-02
      4.84729469e-01 -2.39478536e-02</contour2d>
    <histogram type_id="opencv-matrix">
      <rows>20</rows>
      <cols>1</cols>
      <dt>f</dt>
      <data>
        0. 0. 0. 0. 0. 0. 0. 0. 0. 0. 0. 0. 0. 0. 0. 0. 0. 0. 0. 1.</data></histogram></_>
  <_><id>4</id>
    <height>2.1598935127258301e-02</height>
    <contour2d>
      4.64443147e-01 9.83787049e-03 4.60767031e-01 1.66948903e-02
      4.57254022e-01 2.12889202e-02 4.52472180e-01 2.35042758e-02
      4.49041784e-01 2.45951731e-02 4.41826463e-01 2.45905276e-02
      4.38272297e-01 2.33266801e-02 4.36084449e-01 2.21644025e-02
      4.32976365e-01 1.98171735e-02 4.31802452e-01 1.86716635e-02
      4.29168671e-01 1.52469194e-02 4.27473396e-01 1.18740834e-02
      4.26536024e-01 8.47355649e-03 4.25939798e-01 3.98872513e-03
      4.26276535e-01 6.20187435e-04 4.27531183e-01 -3.88119789e-03
      4.29330826e-01 -7.25857308e-03 4.32013035e-01 -1.06652752e-02
      4.34536159e-01 -1.29523296e-02 4.36186254e-01 -1.41160367e-02
      4.38474536e-01 -1.52732842e-02 4.41637903e-01 -1.64762791e-02
      4.49185103e-01 -1.64953507e-02 4.52109158e-01 -1.53642716e-02
      4.57080841e-01 -1.31309172e-02 4.60716903e-01 -8.54401197e-03
      4.62593198e-01 -5.13043313e-04</contour2d>
    <histogram type_id="opencv-matrix">
      <rows>20</rows>
      <cols>1</cols>
      <dt>f</dt>
      <data>
        0. 0. 0. 0. 0. 0. 0. 0. 0. 0. 0. 0. 0. 0. 0. 0. 0. 0. 0.
        9.99999940e-01</data></histogram></_>
  <_><id>5</id>
    <height>2.1599411964416504e-02</height>
    <contour2d>
      4.95275110e-01 1.72641184e-02 4.96639043e-01 2.54767835e-02
      4.96623725e-01 3.37503478e-02 4.93117571e-01 4.19466458e-02
      4.86991704e-01 4.90698293e-02 4.84516591e-01 5.02902940e-02
      4.75185245e-01 5.01556806e-02 4.71939653e-01 4.87920567e-02
      4.69739258e-01 4.74522002e-02 4.66755569e-01 4.50828783e-02
      4.64496106e-01 4.25858647e-02 4.63642567e-01 4.14275527e-02
      4.62327689e-01 3.90533097e-02 4.61098939e-01 3.55299339e-02
      4.60304618e-01 3.08096800e-02 4.60275173e-01 2.96468697e-02
      4.60672498e-01 2.61951294e-02 4.61550772e-01 2.27084421e-02
      4.63158697e-01 1.92613844e-02 4.66655761e-01 1.46740489e-02
      4.67934698e-01 1.35184089e-02 4.69617128e-01 1.23739885e-02
      4.74020839e-01 1.00483410e-02 4.78190929e-01 8.90676770e-03
      4.84622329e-01 8.94925091e-03 4.91028666e-01 1.25014931e-02</contour2d>
    <histogram type_id="opencv-matrix">
      <rows>20</rows>
      <cols>1</cols>
      <dt>f</dt>
      <data>
        0. 0. 0. 0. 0. 0. 0. 9.70873795e-03 0. 0. 0. 0. 0. 0. 0. 0. 0.
        0. 0. 9.90291297e-01</data></histogram></_>
  <_><id>6</id>
    <height>2.1023750305175781e-02</height>
    <contour2d>
      4.78529930e-01 4.26249467e-02 4.71545905e-01 4.96655144e-02
      4.66129780e-01 5.07147871e-02 4.63938206e-01 5.06632589e-02
      4.58205283e-01 4.93366048e-02 4.55577910e-01 4.80666459e-02
      4.53890830e-01 4.68057394e-02 4.51146215e-01 4.43779826e-02
      4.48354065e-01 4.08078060e-02 4.46696907e-01 3.72820683e-02
      4.45906878e-01 3.50023471e-02 4.45389837e-01 3.26616913e-02
      4.45234239e-01 2.92165466e-02 4.45511758e-01 2.58071404e-02
      4.46555108e-01 2.23836340e-02 4.47442383e-01 2.01458037e-02
      4.49656785e-01 1.67224687e-02 4.50593948e-01 1.55749470e-02
      4.52891469e-01 1.33295450e-02 4.56367552e-01 1.10456236e-02
      4.58839983e-01 9.90760978e-03 4.62253213e-01 8.78813490e-03
      4.68905658e-01 8.81663803e-03 4.75119233e-01 1.23129366e-02
      4.80350703e-01 1.81793515e-02 4.81098175e-01 2.39555351e-02
      4.81114894e-01 3.56133655e-02</contour2d>
    <histogram type_id="opencv-matrix">
      <rows>20</rows>
      <cols>1</cols>
      <dt>f</dt>
      <data>
        0. 0. 0. 0. 0. 0. 0. 9.56937764e-03 0. 0. 0. 0. 0. 0. 0. 0. 0.
        0. 0. 9.90430593e-01</data></histogram></_>
  <_><id>7</id>
    <height>2.1694242954254150e-02</height>
    <contour2d>
      5.66912472e-01 3.22848628e-03 5.62873483e-01 8.26986134e-03
      5.54417789e-01 1.32735902e-02 5.45242846e-01 1.32643739e-02
      5.42177677e-01 1.19774295e-02 5.38463354e-01 9.43166018e-03
      5.35875201e-01 6.92371000e-03 5.34209609e-01 4.42243880e-03
      5.32788396e-01 1.92584225e-03 5.31833589e-01 -5.56209590e-04
      5.30881703e-01 -5.52072190e-03 5.31071961e-01 -9.24818777e-03
      5.31810999e-01 -1.29661337e-02 5.32753170e-01 -1.54470410e-02
      5.34901559e-01 -1.92220807e-02 5.35901368e-01 -2.05137301e-02
      5.38423777e-01 -2.30381284e-02 5.40060878e-01 -2.43235771e-02
