<?xml version="1.0"?>
<opencv_storage>
<obj>
  <_><id>1</id>
    <height>1.7407715320587158e-02</height>
    <contour2d>
      5.48060179e-01 9.01178271e-02 3.97796571e-01 7.10777417e-02
      3.96918923e-01 6.99866861e-02 3.95577133e-01 6.77043721e-02
      3.94194424e-01 6.43391013e-02 3.93701881e-01 6.11722581e-02
      3.93656313e-01 5.89995645e-02 3.94125402e-01 5.58448359e-02
      3.95153999e-01 5.26273660e-02 4.46011961e-01 -6.12523183e-02
      4.48304176e-01 -6.59310818e-02 4.51314062e-01 -7.07677454e-02
      4.54097033e-01 -7.44300261e-02 4.58166450e-01 -7.93521330e-02
      4.63768214e-01 -8.56156126e-02 4.76669967e-01 -9.96864885e-02
      4.90954131e-01 -1.14152536e-01 4.95486885e-01 -1.17694966e-01
      4.99497682e-01 -1.18052475e-01 5.02923191e-01 -1.17031045e-01
      5.04490137e-01 -1.16010956e-01 5.08117497e-01 -1.11679956e-01
      5.09671807e-01 -1.09427467e-01 5.14878333e-01 -1.00324310e-01
      5.30178010e-01 -6.85486197e-02 5.32764792e-01 -5.99855334e-02
      5.34029961e-01 -5.25927953e-02 5.52705348e-01 7.24386498e-02
      5.52197456e-01 8.24149773e-02 5.51582098e-01 8.62578005e-02</contour2d>
    <histogram type_id="opencv-matrix">
      <rows>20</rows>
      <cols>1</cols>
      <dt>f</dt>
      <data>
        1.77888293e-02 0. 0. 0. 0. 0. 0. 0. 0. 0. 0. 0. 0. 0. 0. 0. 0.
        0. 9.82211173e-01 0.</data></histogram></_>
  <_><id>2</id>
    <height>1.7348945140838623e-02</height>
    <contour2d>
      5.45902491e-01 -8.18479657e-02 5.48188329e-01 -7.58174956e-02
      5.48971891e-01 -2.69490797e-02 5.46374798e-01 -1.30803874e-02
      5.09655297e-01 1.10504054e-01 5.07378340e-01 1.14953868e-01
      5.03590822e-01 1.20680079e-01 5.01375079e-01 1.22976974e-01
      4.96514112e-01 1.24421097e-01 3.69582385e-01 4.16628532e-02
      3.69095832e-01 3.94839309e-02 3.68964463e-01 3.74784619e-02
      3.69138569e-01 3.42320725e-02 3.69608134e-01 3.21854427e-02
      3.70850116e-01 2.90701706e-02 3.72945935e-01 2.59473193e-02
      3.74894112e-01 2.39321385e-02 4.75022525e-01 -6.06145523e-02
      4.81915385e-01 -6.45368397e-02 4.90657955e-01 -6.86540604e-02
      5.19921899e-01 -8.04273710e-02 5.31987607e-01 -8.47860202e-02
      5.38234174e-01 -8.64945203e-02 5.39514422e-01 -8.65548924e-02
      5.42354882e-01 -8.54812711e-02</contour2d>
    <histogram type_id="opencv-matrix">
      <rows>20</rows>
      <cols>1</cols>
      <dt>f</dt>
      <data>
        1.66033208e-02 0. 0. 0. 0. 0. 0. 0. 0. 0. 0. 0. 0. 0. 0. 0. 0.
        0. 9.83396709e-01 0.</data></histogram></_>
  <_><id>3</id>
    <height>1.5992343425750732e-02</height>
    <contour2d>
      5.70507586e-01 -3.62694487e-02 5.70630133e-01 -3.37284431e-02
      5.69522142e-01 -2.73457635e-02 5.65018475e-01 -1.45486891e-02
      5.51241100e-01 1.82961915e-02 5.42145669e-01 3.05791330e-02
      4.62297738e-01 1.27698794e-01 4.55773711e-01 1.35364741e-01
      4.53127056e-01 1.36188775e-01 4.47347403e-01 1.36829108e-01
      4.46312577e-01 1.36774033e-01 4.44969714e-01 1.35453120e-01
      3.60123158e-01 9.98239312e-03 3.60051274e-01 8.93477257e-03
      3.60577792e-01 6.83737453e-03 3.61937910e-01 3.71421664e-03
      3.63113374e-01 1.62477372e-03 3.66149813e-01 -1.52510277e-03
      3.69403929e-01 -3.64143820e-03 3.71996254e-01 -4.71379189e-03
      4.96700794e-01 -4.38136607e-02 5.23874402e-01 -4.48012650e-02
      5.45406640e-01 -4.44779992e-02 5.61017275e-01 -4.36807200e-02
      5.65347731e-01 -4.25369218e-02 5.68524122e-01 -4.00954187e-02
      5.69684684e-01 -3.88339162e-02</contour2d>
    <histogram type_id="opencv-matrix">
      <rows>20</rows>
      <cols>1</cols>
      <dt>f</dt>
      <data>
        1.51893459e-02 0. 0. 0. 0. 0. 0. 0. 0. 0. 0. 0. 0. 0. 0. 0. 0.
        0. 9.84810650e-01 0.</data></histogram></_>
  <_><id>4</id>
    <height>1.6075253486633301e-02</height>
    <contour2d>
      5.67376077e-01 4.91369441e-02 5.66807449e-01 5.28958589e-02
      5.65519929e-01 5.78270443e-02 5.62850535e-01 6.02768399e-02
      5.56319475e-01 6.49806038e-02 5.28685451e-01 7.95257986e-02
      5.24099410e-01 8.16619992e-02 5.14568806e-01 8.57861564e-02
      5.03222227e-01 8.98140520e-02 4.99535322e-01 9.08228680e-02
      3.74866515e-01 1.12004459e-01 3.65412623e-01 1.11169279e-01
      3.61615568e-01 1.08853750e-01 3.59271765e-01 1.06461994e-01
      3.58699203e-01 1.05178304e-01 3.77200872e-01 -4.62163761e-02
      3.78175348e-01 -4.73043323e-02 3.79871130e-01 -4.85195331e-02
      3.82242352e-01 -4.95626852e-02 3.87711972e-01 -5.08600548e-02
      3.94745201e-01 -4.89098765e-02 5.06884754e-01 -5.43755246e-04
      5.14733195e-01 3.11108353e-03 5.37342906e-01 2.17666514e-02
      5.62467813e-01 4.38561030e-02</contour2d>
    <histogram type_id="opencv-matrix">
      <rows>20</rows>
      <cols>1</cols>
      <dt>f</dt>
      <data>
        1.50590157e-02 0. 0. 0. 0. 0. 0. 0. 0. 0. 0. 0. 0. 0. 0. 0. 0.
        0. 9.84941006e-01 0.</data></histogram></_>
  <_><id>5</id>
    <height>1.6039192676544189e-02</height>
    <contour2d>
      5.40604770e-01 9.39790085e-02 5.37495017e-01 9.84709710e-02
      5.34533501e-01 1.00708194e-01 5.32077670e-01 1.01819485e-01
      5.29001653e-01 1.02777101e-01 4.77135539e-01 1.07942678e-01
      4.66525853e-01 1.06995143e-01 3.37983131e-01 7.93818682e-02
      3.34843338e-01 7.81110525e-02 3.33068460e-01 7.70316795e-02
      3.30541223e-01 7.46875033e-02 3.29655409e-01 7.36426935e-02
      3.27693999e-01 7.04811886e-02 3.26496542e-01 6.73195422e-02
      3.26606750e-01 6.63406402e-02 3.99994940e-01 -6.69307709e-02
      4.02572989e-01 -6.80241361e-02 4.06816095e-01 -6.82103634e-02
      4.14305478e-01 -6.52477965e-02 5.03560901e-01 2.47797593e-02
      5.09650767e-01 3.32544930e-02 5.18029928e-01 4.57265899e-02
      5.34387708e-01 7.73921683e-02 5.39619505e-01 8.90011117e-02
      5.40598452e-01 9.27337557e-02</contour2d>
    <histogram type_id="opencv-matrix">
      <rows>20</rows>
      <cols>1</cols>
      <dt>f</dt>
      <data>
        1.47643387e-02 0. 0. 0. 0. 0. 0. 0. 0. 0. 0. 0. 0. 0. 0. 0. 0.
        0. 9.85235691e-01 0.</data></histogram></_>
  <_><id>6</id>
    <height>1.6083538532257080e-02</height>
    <contour2d>
      4.91981268e-01 1.29236236e-01 4.84870523e-01 1.31643265e-01
      4.80858684e-01 1.31213367e-01 4.60025400e-01 1.24387354e-01
      4.37459737e-01 1.16427191e-01 4.29257035e-01 1.13162816e-01
      4.21420753e-01 1.08915880e-01 4.14619714e-01 1.03931986e-01
      3.15195560e-01 2.85333470e-02 3.13170582e-01 2.64767762e-02
      3.11970055e-01 2.44333912e-02 3.10118824e-01 2.04238053e-02
      3.09759468e-01 1.64200999e-02 3.09788853e-01 1.34457825e-02
      3.09932768e-01 1.24622285e-02 3.10859084e-01 1.14775207e-02
      4.33789462e-01 -7.81854242e-02 4.36567128e-01 -7.68868923e-02
      4.45840240e-01 -6.83458000e-02 4.87233609e-01 5.14639542e-02
      4.89739925e-01 5.98370731e-02 4.92243677e-01 6.95883334e-02
      4.93357301e-01 1.22231580e-01 4.92848456e-01 1.26833811e-01</contour2d>
    <histogram type_id="opencv-matrix">
      <rows>20</rows>
      <cols>1</cols>
      <dt>f</dt>
      <data>
        1.44777661e-02 0. 0. 0. 0. 0. 0. 0. 0. 0. 0. 0. 0. 0. 0. 0. 0.
        0. 9.85522211e-01 0.</data></histogram></_>
  <_><id>7</id>
    <height>1.6104340553283691e-02</height>
    <contour2d>
      4.54572618e-01 1.36051789e-01 4.51592207e-01 1.37879655e-01
      4.49273914e-01 1.38455018e-01 4.44194406e-01 1.38204753e-01
      4.40175921e-01 1.36522815e-01 4.22181755e-01 1.24502905e-01
      4.16949511e-01 1.20823428e-01 4.02729779e-01 1.10217787e-01
      3.96350741e-01 1.05086461e-01 3.91104311e-01 1.00390278e-01
      3.12038213e-01 -6.41971407e-03 3.10096234e-01 -9.38892737e-03
      3.09086621e-01 -1.23561006e-02 3.08776885e-01 -1.43196899e-02
      3.08599859e-01 -1.72780361e-02 3.09003800e-01 -2.02884227e-02
      3.09901208e-01 -2.32784059e-02 3.10902327e-01 -2.52910238e-02
      4.53662932e-01 -7.64480531e-02 4.55943078e-01 -7.48259500e-02
