<?xml version="1.0"?>
<opencv_storage>
<obj>
  <_><id>1</id>
    <height>1.1893397569656372e-01</height>
    <contour2d>
      7.12570369e-01 -3.10732722e-02 7.11106718e-01 -1.91785465e-03
      7.08833873e-01 2.05155159e-03 7.02688336e-01 1.12523548e-02
      6.94905162e-01 1.90392043e-02 6.85077786e-01 2.53927130e-02
      6.73645318e-01 2.90411450e-02 6.69027507e-01 3.02559230e-02
      6.55758619e-01 3.00054383e-02 6.49611771e-01 2.86341924e-02
      6.45574510e-01 2.72691119e-02 6.42427623e-01 2.60060970e-02
      6.37279332e-01 2.32975241e-02 6.33418918e-01 2.07177773e-02
      6.30302429e-01 1.81796253e-02 6.26359284e-01 1.43812215e-02
      6.22235775e-01 9.36497934e-03 6.19876385e-01 5.64173749e-03
      6.18516624e-01 3.16092139e-03 6.15780950e-01 -3.02862399e-03
      6.14610732e-01 -6.72458718e-03 6.13413393e-01 -1.16344877e-02
      6.12690628e-01 -1.78024247e-02 6.13008857e-01 -2.52110660e-02
      6.13300622e-01 -2.76365913e-02 6.14510655e-01 -3.39410119e-02
      6.15691304e-01 -3.76609229e-02 6.17182553e-01 -4.14077826e-02
      6.19147599e-01 -4.52938415e-02 6.21495068e-01 -4.89474684e-02
      6.24363124e-01 -5.27486317e-02 6.27884150e-01 -5.66306002e-02
      6.30717456e-01 -5.93230054e-02 6.34115160e-01 -6.19742386e-02
      6.40791833e-01 -6.60355315e-02 6.44410372e-01 -6.76136911e-02
      6.48637056e-01 -6.91441298e-02 6.54674888e-01 -7.06394985e-02
      6.66881442e-01 -7.10965469e-02 6.71601355e-01 -6.99966252e-02
      6.83021843e-01 -6.67060912e-02 6.94746137e-01 -5.94461635e-02
      7.01047659e-01 -5.44870757e-02 7.02967465e-01 -5.19282408e-02
      7.06668496e-01 -4.54581305e-02 7.10689068e-01 -3.76518294e-02</contour2d>
    <histogram type_id="opencv-matrix">
      <rows>20</rows>
      <cols>1</cols>
      <dt>f</dt>
      <data>
        6.49953587e-03 4.33302410e-02 3.09501716e-04 0. 0. 0. 0. 0. 0.
        3.09501728e-03 1.48251325e-01 7.11234927e-01 1.64035913e-02
        3.71402060e-03 1.23800687e-03 0. 6.19003433e-04 1.23800687e-03
        6.40668571e-02 0.</data></histogram></_>
  <_><id>2</id>
    <height>1.1883151531219482e-01</height>
    <contour2d>
      7.10622609e-01 -3.76477130e-02 7.09874034e-01 -4.56584897e-03
      7.08853185e-01 4.69554169e-03 7.06969917e-01 8.65039695e-03
      7.04650879e-01 1.12683596e-02 6.96747839e-01 1.90629903e-02
      6.84945226e-01 2.66853776e-02 6.79169416e-01 2.91560236e-02
      6.68935895e-01 3.15354802e-02 6.58246577e-01 3.14200372e-02
      6.56182230e-01 3.12428921e-02 6.50146544e-01 2.98748072e-02
      6.46058202e-01 2.85039507e-02 6.40401602e-01 2.59085726e-02
      6.36083126e-01 2.33376138e-02 6.32455230e-01 2.07212772e-02
      6.28229141e-01 1.68974958e-02 6.24837935e-01 1.31243961e-02
      6.21180534e-01 8.12470634e-03 6.18476510e-01 3.15431342e-03
      6.16888881e-01 -5.54476457e-04 6.15266681e-01 -5.49732521e-03
      6.14099324e-01 -1.04381973e-02 6.13607645e-01 -1.41312871e-02
      6.13330305e-01 -1.90198012e-02 6.13697290e-01 -2.51938701e-02
      6.14861131e-01 -3.13620456e-02 6.16446912e-01 -3.64038497e-02
      6.18417799e-01 -4.15070988e-02 6.21241450e-01 -4.65367436e-02
      6.23976231e-01 -5.04280478e-02 6.27245426e-01 -5.41808084e-02
      6.29893422e-01 -5.67338876e-02 6.32999539e-01 -5.93428910e-02
      6.38929844e-01 -6.34225979e-02 6.41400397e-01 -6.47223443e-02
      6.48274422e-01 -6.76968098e-02 6.54783607e-01 -6.92448243e-02
      6.69314384e-01 -6.99813962e-02 6.74479246e-01 -6.89273849e-02
      6.82354927e-01 -6.67548999e-02 6.92620456e-01 -6.06488697e-02
      6.98852360e-01 -5.56999929e-02 7.06504107e-01 -4.54457663e-02</contour2d>
    <histogram type_id="opencv-matrix">
      <rows>20</rows>
      <cols>1</cols>
      <dt>f</dt>
      <data>
        7.82962702e-03 5.35546504e-02 6.26370194e-04 0. 0. 0. 0. 0. 0.
        3.44503601e-03 1.63482621e-01 6.75227046e-01 1.78515501e-02
        2.50548078e-03 3.13185097e-04 0. 6.26370194e-04 6.26370194e-04
        7.35984966e-02 3.13185097e-04</data></histogram></_>
  <_><id>3</id>
    <height>1.1887115240097046e-01</height>
    <contour2d>
      7.08702326e-01 -4.42058221e-02 7.10643351e-01 -4.02958468e-02
      7.09866881e-01 7.35172722e-03 7.08724260e-01 1.39463115e-02
      7.04925001e-01 1.91829130e-02 7.00911224e-01 2.30684578e-02
      6.91346526e-01 2.94383336e-02 6.84888303e-01 3.18760276e-02
      6.77403748e-01 3.42869982e-02 6.71596885e-01 3.54872979e-02
      6.60604119e-01 3.52042355e-02 6.53543293e-01 3.37574966e-02
      6.49453521e-01 3.23707610e-02 6.43640637e-01 2.96936221e-02
      6.41500056e-01 2.84318514e-02 6.37598634e-01 2.58245394e-02
      6.32937551e-01 2.19931621e-02 6.29276693e-01 1.82168353e-02
      6.26112521e-01 1.43744526e-02 6.23034656e-01 9.37936734e-03
      6.21181130e-01 5.64458873e-03 6.19215429e-01 6.83118706e-04
      6.17591977e-01 -5.49993943e-03 6.16868258e-01 -1.04521960e-02
      6.16658807e-01 -1.53947910e-02 6.16862178e-01 -2.03496814e-02
      6.17381573e-01 -2.40855552e-02 6.17854476e-01 -2.65331585e-02
      6.19581461e-01 -3.27619947e-02 6.22380376e-01 -3.90091501e-02
      6.23798490e-01 -4.15197872e-02 6.27359509e-01 -4.67088521e-02
      6.29419327e-01 -4.93964069e-02 6.33286715e-01 -5.32237217e-02
      6.36554897e-01 -5.59631847e-02 6.40339553e-01 -5.85472509e-02
      6.45143211e-01 -6.12511411e-02 6.52105987e-01 -6.40951917e-02
      6.57970548e-01 -6.55530021e-02 6.70899093e-01 -6.61841109e-02
      6.75966859e-01 -6.51042312e-02 6.87997818e-01 -6.18146472e-02
      7.00618804e-01 -5.31344190e-02 7.04559803e-01 -4.93352003e-02</contour2d>
    <histogram type_id="opencv-matrix">
      <rows>20</rows>
      <cols>1</cols>
      <dt>f</dt>
      <data>
        8.58778600e-03 6.55216277e-02 0. 0. 0. 0. 0. 0. 0.
        4.45292611e-03 1.75890580e-01 6.38358772e-01 1.84478369e-02
        1.90839695e-03 9.54198476e-04 3.18066159e-04 0. 9.54198476e-04
        8.46055970e-02 0.</data></histogram></_>
  <_><id>4</id>
    <height>1.1893701553344727e-01</height>
    <contour2d>
      7.08462596e-01 -4.28672470e-02 7.09797382e-01 -3.63415815e-02
      7.10183144e-01 -2.57658400e-02 7.10166097e-01 -1.65217053e-02
      7.09651113e-01 1.26439231e-02 7.09331214e-01 1.52832735e-02
      7.08345711e-01 1.92210414e-02 7.04627752e-01 2.44438127e-02
      6.98761463e-01 2.95881908e-02 6.92865252e-01 3.33781689e-02
      6.87508225e-01 3.58645655e-02 6.83269680e-01 3.70357521e-02
      6.70933902e-01 3.93055417e-02 6.64190173e-01 3.92126702e-02
      6.56083405e-01 3.77447344e-02 6.51756406e-01 3.62529531e-02
      6.45457029e-01 3.35225873e-02 6.41220033e-01 3.09372526e-02
      6.36080623e-01 2.70043239e-02 6.34693384e-01 2.57352404e-02
      6.30032718e-01 2.06676722e-02 6.27225101e-01 1.68989506e-02
      6.24231160e-01 1.19145177e-02 6.22331738e-01 8.12639296e-03
      6.20572090e-01 3.16075166e-03 6.19401217e-01 -1.79323053e-03
      6.18576407e-01 -7.97198247e-03 6.18481517e-01 -1.41509874e-02
      6.18843377e-01 -1.79078598e-02 6.19724274e-01 -2.28585154e-02
      6.21038198e-01 -2.78293267e-02 6.23019218e-01 -3.28473188e-02
      6.24181867e-01 -3.53391729e-02 6.26380146e-01 -3.91519628e-02
      6.31150723e-01 -4.55168374e-02 6.35218024e-01 -4.94455881e-02
      6.38388991e-01 -5.22614904e-02 6.44369662e-01 -5.62242158e-02
      6.47205889e-01 -5.76766506e-02 6.50378108e-01 -5.90573549e-02
      6.54117107e-01 -6.03867173e-02 6.60087228e-01 -6.18463308e-02
      6.72568917e-01 -6.23891018e-02 6.84428275e-01 -6.03690930e-02
      6.89161062e-01 -5.79129122e-02 6.93317831e-01 -5.54914102e-02
      7.02439725e-01 -4.92522009e-02 7.06414580e-01 -4.54390347e-02</contour2d>
    <histogram type_id="opencv-matrix">
      <rows>20</rows>
      <cols>1</cols>
      <dt>f</dt>
      <data>
        4.40528616e-03 6.98552579e-02 6.29326620e-04 0. 0. 0. 0. 0. 0.
        1.88797992e-03 1.76526114e-01 6.37193203e-01 1.16425427e-02
        1.57331652e-03 9.43989959e-04 9.43989959e-04 1.57331652e-03
