<?xml version="1.0"?>
<opencv_storage>
<obj>
  <_><id>1</id>
    <height>3.9195716381072998e-02</height>
    <contour2d>
      5.02438784e-01 -6.90720528e-02 4.98612493e-01 -6.41006976e-02
      4.14270371e-01 1.03397500e-02 4.08746183e-01 1.35679068e-02
      4.04500127e-01 1.46072730e-02 4.00865674e-01 1.45534892e-02
      3.96507382e-01 1.34341130e-02 3.94261837e-01 1.23397205e-02
      3.91381115e-01 1.01901805e-02 3.48575443e-01 -3.65476944e-02
      3.41539085e-01 -4.45376933e-02 3.37440282e-01 -4.94759642e-02
      3.35735857e-01 -5.23363277e-02 3.24370503e-01 -9.12656635e-02
      3.24424833e-01 -9.22973007e-02 3.25035095e-01 -9.39055532e-02
      3.25973421e-01 -9.49747413e-02 3.28704506e-01 -9.74845365e-02
      3.33183289e-01 -1.01092272e-01 4.75552768e-01 -1.02919132e-01
      4.79015142e-01 -1.00505151e-01 4.84454095e-01 -9.60097015e-02
      4.93275940e-01 -8.59196633e-02 5.02338171e-01 -7.36890882e-02
      5.02753913e-01 -7.25653246e-02</contour2d>
    <histogram type_id="opencv-matrix">
      <rows>20</rows>
      <cols>1</cols>
      <dt>f</dt>
      <data>
        7.50593543e-01 3.37373512e-03 2.39910036e-02 0. 0. 0. 0. 0. 0.
        0. 0. 0. 0. 0. 0. 0. 0. 2.22041741e-01 0. 0.</data></histogram></_>
  <_><id>2</id>
    <height>3.9079546928405762e-02</height>
    <contour2d>
      5.30215025e-01 -1.65894106e-02 5.25062680e-01 -1.28788967e-02
      5.06316125e-01 -9.04219877e-03 4.12918866e-01 8.20627436e-03
      4.07676607e-01 8.17980431e-03 4.03247833e-01 7.07225362e-03
      4.00678873e-01 5.97517658e-03 3.98633480e-01 4.87905368e-03
      3.97192478e-01 3.79935629e-03 3.94852877e-01 1.65608968e-03
      3.93269747e-01 -4.78708069e-04 3.92102867e-01 -2.61102570e-03
      3.91053230e-01 -5.82286483e-03 3.80381227e-01 -5.80592081e-02
      3.76929164e-01 -7.61554614e-02 3.75775099e-01 -8.35188627e-02
      3.75719070e-01 -8.66948888e-02 3.86339784e-01 -1.26779094e-01
      3.87165487e-01 -1.27470583e-01 4.00640517e-01 -1.29294679e-01
      5.19994855e-01 -5.95470257e-02 5.21225035e-01 -5.82211949e-02
      5.22272408e-01 -5.56510277e-02 5.24493456e-01 -4.94516045e-02
      5.26783168e-01 -4.09296378e-02 5.29126883e-01 -2.87216846e-02</contour2d>
    <histogram type_id="opencv-matrix">
      <rows>20</rows>
      <cols>1</cols>
      <dt>f</dt>
      <data>
        7.72944272e-01 2.31828727e-03 1.78644489e-02 0. 0. 0. 0. 0. 0.
        0. 0. 0. 0. 0. 0. 0. 0. 2.06873044e-01 0. 0.</data></histogram></_>
  <_><id>3</id>
    <height>3.9208889007568359e-02</height>
    <contour2d>
      5.17481744e-01 5.33304773e-02 5.15469313e-01 5.33183292e-02
      5.12113452e-01 5.19117042e-02 4.10869837e-01 6.07641833e-03
      4.09136027e-01 4.96767787e-03 4.06310022e-01 2.76690070e-03
      4.03121591e-01 -4.83784213e-04 4.01471317e-01 -2.63469876e-03
      3.99700731e-01 -5.84475603e-03 3.98952991e-01 -7.99276121e-03
      3.98266435e-01 -1.11860298e-02 3.98180068e-01 -1.33612547e-02
      3.98554265e-01 -1.66022498e-02 3.99159461e-01 -1.87899973e-02
      4.20750707e-01 -6.82728514e-02 4.28744644e-01 -8.58983546e-02
      4.31707084e-01 -9.18520242e-02 4.33376789e-01 -9.43318307e-02
      4.64904457e-01 -1.20658822e-01 4.67296153e-01 -1.20543316e-01
      4.74932790e-01 -1.16847187e-01 4.77936506e-01 -1.14853375e-01
      5.34415424e-01 1.30853895e-02 5.34756780e-01 1.55429356e-02
      5.32078981e-01 2.65222173e-02 5.30436218e-01 3.13949063e-02
      5.28080165e-01 3.61910313e-02 5.21481454e-01 4.82301302e-02
      5.19783914e-01 5.06948493e-02</contour2d>
    <histogram type_id="opencv-matrix">
      <rows>20</rows>
      <cols>1</cols>
      <dt>f</dt>
      <data>
        7.89713442e-01 7.34753849e-04 1.48420278e-02 0. 0. 0. 0. 0. 0.
        0. 0. 0. 0. 0. 0. 0. 0. 1.94709763e-01 0. 0.</data></histogram></_>
  <_><id>4</id>
    <height>3.9374172687530518e-02</height>
    <contour2d>
      5.22095919e-01 -7.67862052e-02 5.23929596e-01 -7.43106753e-02
      5.27546227e-01 -6.84364885e-02 5.29482722e-01 -6.48812354e-02
      5.12264311e-01 7.59846047e-02 5.03305972e-01 8.46142247e-02
      4.84485894e-01 9.73216221e-02 4.78990406e-01 9.96914953e-02
      4.77751583e-01 9.98535007e-02 4.75876659e-01 9.84219387e-02
      4.73625124e-01 9.59608629e-02 4.70954269e-01 9.22234878e-02
      4.10065114e-01 3.87721159e-03 4.08540756e-01 6.00896718e-04
      4.07785982e-01 -1.57376914e-03 4.06987101e-01 -4.80746012e-03
      4.06581253e-01 -9.14363191e-03 4.06654149e-01 -1.12794554e-02
      4.06987756e-01 -1.34532927e-02 4.08022165e-01 -1.67057440e-02
      4.09105092e-01 -1.89354718e-02 4.10683006e-01 -2.10975390e-02
      4.13000554e-01 -2.34422591e-02 4.56864327e-01 -5.46657033e-02
      4.75718200e-01 -6.76420853e-02 4.78175968e-01 -6.91021606e-02
      4.80849683e-01 -7.02649802e-02</contour2d>
    <histogram type_id="opencv-matrix">
      <rows>20</rows>
      <cols>1</cols>
      <dt>f</dt>
      <data>
        7.87837207e-01 0. 1.34125892e-02 0. 0. 0. 0. 0. 0. 0. 0. 0. 0.
        0. 0. 0. 0. 1.98750183e-01 0. 0.</data></histogram></_>
  <_><id>5</id>
    <height>3.9501726627349854e-02</height>
    <contour2d>
      5.46680331e-01 -1.31182363e-02 5.47954321e-01 6.94887713e-04
      4.67279881e-01 1.11620694e-01 4.57247466e-01 1.17981613e-01
      4.39352989e-01 1.20057866e-01 4.32260245e-01 1.20527215e-01
      4.26590919e-01 1.20377630e-01 4.23293382e-01 1.19336314e-01
      4.22262788e-01 1.18159607e-01 4.21069682e-01 1.12450533e-01
      4.10478175e-01 2.78928922e-03 4.10515904e-01 6.03097549e-04
      4.11172777e-01 -3.75709520e-03 4.12123233e-01 -7.02789705e-03
      4.13483441e-01 -1.02860164e-02 4.14815813e-01 -1.24825127e-02
      4.16483551e-01 -1.46612786e-02 4.18957323e-01 -1.68825462e-02
      4.20631051e-01 -1.80217437e-02 4.22962934e-01 -1.91542041e-02
      4.28947628e-01 -2.04656143e-02 4.84920621e-01 -2.66230293e-02
      5.01367033e-01 -2.82503515e-02 5.05892396e-01 -2.83030253e-02</contour2d>
    <histogram type_id="opencv-matrix">
      <rows>20</rows>
      <cols>1</cols>
      <dt>f</dt>
      <data>
        7.70274341e-01 0. 1.37172146e-02 0. 0. 0. 0. 0. 0. 0. 0. 0. 0.
        0. 0. 0. 0. 2.16008440e-01 0. 0.</data></histogram></_>
  <_><id>6</id>
    <height>3.9704859256744385e-02</height>
    <contour2d>
      5.32741666e-01 6.76928237e-02 5.29128015e-01 7.50154853e-02
      5.27085781e-01 7.60622248e-02 3.95733595e-01 1.25867814e-01
      3.86417001e-01 1.24032393e-01 3.82781863e-01 1.22472264e-01
      3.76493990e-01 1.19417481e-01 3.68612707e-01 1.14982307e-01
      3.62702191e-01 1.11414440e-01 3.58757377e-01 1.08341157e-01
      3.57668638e-01 1.07181668e-01 3.56991440e-01 1.06195629e-01
      3.56685847e-01 1.05023451e-01 3.57022524e-01 1.02025062e-01
      3.58327985e-01 9.90759432e-02 4.11338776e-01 1.69618102e-03
      4.13900763e-01 -1.58321869e-03 4.17436868e-01 -4.87757195e-03
      4.20581102e-01 -7.06406636e-03 4.22827870e-01 -8.19510967e-03
      4.25961941e-01 -9.31116287e-03 4.34083223e-01 -9.36991721e-03
      4.99573827e-01 2.67945770e-02 5.05837381e-01 3.05515993e-02
      5.32110214e-01 6.51152506e-02</contour2d>
    <histogram type_id="opencv-matrix">
      <rows>20</rows>
      <cols>1</cols>
      <dt>f</dt>
      <data>
        7.37278759e-01 0. 1.72842927e-02 0. 0. 0. 0. 0. 0. 0. 0. 0. 0.
        0. 0. 0. 0. 2.45436952e-01 0. 0.</data></histogram></_>
  <_><id>7</id>
    <height>4.0018677711486816e-02</height>
    <contour2d>
      4.64300662e-01 1.26405284e-01 4.62910324e-01 1.28563568e-01
      4.52858299e-01 1.32171616e-01 4.51492161e-01 1.31996617e-01
      3.18229765e-01 8.47691670e-02 3.15891713e-01 8.24670121e-02
      3.15129668e-01 8.14758614e-02 3.11864913e-01 7.48726428e-02
      3.05775762e-01 6.03418685e-02 3.03311050e-01 5.24568409e-02
      3.02868813e-01 5.05798608e-02 3.02408427e-01 4.77100126e-02
      3.02724481e-01 4.48328257e-02 3.04039180e-01 4.29804809e-02
      3.07856858e-01 4.11522612e-02 3.16250145e-01 3.75756063e-02
