<?xml version="1.0"?>
<opencv_storage>
<obj>
  <_><id>1</id>
    <height>9.5375418663024902e-02</height>
    <contour2d>
      4.47590351e-01 2.70151421e-02 4.44308013e-01 3.11714411e-02
      4.37758148e-01 3.62730846e-02 4.17513192e-01 4.71292958e-02
      3.99018645e-01 5.29287718e-02 3.88484836e-01 5.27657010e-02
      3.83480340e-01 5.15592434e-02 3.78605664e-01 4.93618548e-02
      3.70509386e-01 4.48724180e-02 3.65294427e-01 4.16492447e-02
      3.59115660e-01 3.74254882e-02 3.53467792e-01 3.23179737e-02
      3.47136080e-01 2.28628106e-02 3.44366133e-01 1.79163534e-02
      3.41782302e-01 1.21828457e-02 3.40799928e-01 9.26230475e-03
      3.38544041e-01 1.50463835e-03 3.37315768e-01 -3.37047456e-03
      3.36681753e-01 -7.28401309e-03 3.36666197e-01 -1.02170594e-02
      3.37192863e-01 -1.79627445e-02 3.37559879e-01 -2.08485872e-02
      3.38290840e-01 -2.46537738e-02 3.41303676e-01 -3.35831419e-02
      3.42488438e-01 -3.65720019e-02 3.45695347e-01 -4.35716547e-02
      3.47007960e-01 -4.56339717e-02 3.54949951e-01 -5.48644476e-02
      3.59837741e-01 -5.92341609e-02 3.63404214e-01 -6.15160652e-02
      3.74654919e-01 -6.81807697e-02 3.76893163e-01 -6.93572462e-02
      3.81548911e-01 -7.09494203e-02 3.85601759e-01 -7.17809796e-02
      3.93558204e-01 -7.29939491e-02 4.05606389e-01 -7.33925253e-02
      4.31867898e-01 -6.07274957e-02 4.46081966e-01 -3.59164663e-02
      4.47377443e-01 -1.90802161e-02 4.47912008e-01 2.63703475e-03</contour2d>
    <histogram type_id="opencv-matrix">
      <rows>20</rows>
      <cols>1</cols>
      <dt>f</dt>
      <data>
        6.83829468e-03 0. 0. 0. 0. 0. 0. 0. 0. 0. 0. 0. 0.
        3.93000811e-01 2.86403865e-01 0. 0. 0. 3.04907501e-01
        8.84955749e-03</data></histogram></_>
  <_><id>2</id>
    <height>9.4681203365325928e-02</height>
    <contour2d>
      4.52717125e-01 -5.20566814e-02 4.53200787e-01 -4.99026328e-02
      4.56982344e-01 -2.77255233e-02 4.52724993e-01 -1.50693546e-03
      4.49648798e-01 1.09851779e-02 4.46741790e-01 1.82916149e-02
      4.43882227e-01 2.45737955e-02 4.27881390e-01 3.99658605e-02
      4.16435808e-01 4.70892414e-02 4.01303649e-01 4.72575054e-02
      3.88001889e-01 4.36024182e-02 3.81459981e-01 4.01638597e-02
      3.71757507e-01 3.48598436e-02 3.66516083e-01 3.17728631e-02
      3.62108529e-01 2.85272505e-02 3.56665015e-01 2.33190209e-02
      3.55260342e-01 2.12857183e-02 3.52333009e-01 1.63077302e-02
      3.50756288e-01 1.23649770e-02 3.47964108e-01 3.49191786e-03
      3.46645951e-01 -1.42100581e-03 3.44825298e-01 -9.25827865e-03
      3.44475269e-01 -1.40924286e-02 3.44341993e-01 -1.80983413e-02
      3.46235573e-01 -2.95407586e-02 3.47778112e-01 -3.53650935e-02
      3.49294275e-01 -3.96119356e-02 3.53262603e-01 -4.76174541e-02
      3.56456637e-01 -5.33655435e-02 3.59901190e-01 -5.87876514e-02
      3.69177282e-01 -6.69871867e-02 3.74012113e-01 -7.02410415e-02
      3.81179512e-01 -7.39161074e-02 3.84294391e-01 -7.53422305e-02
      3.90211940e-01 -7.76901022e-02 4.12180871e-01 -7.87653327e-02
      4.16626722e-01 -7.74060339e-02 4.24008816e-01 -7.39239901e-02
      4.48417097e-01 -5.83432876e-02</contour2d>
    <histogram type_id="opencv-matrix">
      <rows>20</rows>
      <cols>1</cols>
      <dt>f</dt>
      <data>
        1.23660348e-03 0. 0. 0. 0. 0. 0. 0. 0. 0. 0. 0. 0.
        3.45424563e-01 3.29760939e-01 0. 0. 0. 3.20692509e-01
        2.88540823e-03</data></histogram></_>
  <_><id>3</id>
    <height>9.4548761844635010e-02</height>
    <contour2d>
      4.65437174e-01 -3.56525518e-02 4.64381129e-01 -5.79039799e-03
      4.60502982e-01 4.83023655e-03 4.46573973e-01 2.46495996e-02
      4.40158933e-01 3.19119729e-02 4.32973444e-01 3.93424034e-02
      4.26868707e-01 4.35951427e-02 4.20903742e-01 4.69540022e-02
      4.11707699e-01 4.73575145e-02 3.99750173e-01 4.63802740e-02
      3.91511410e-01 4.41815518e-02 3.87147367e-01 4.24501486e-02
      3.85087341e-01 4.13611792e-02 3.81921232e-01 3.93254198e-02
      3.74048769e-01 3.38409841e-02 3.66236031e-01 2.55505797e-02
      3.60765040e-01 1.94924939e-02 3.55856955e-01 1.34987189e-02
      3.53323489e-01 9.44817532e-03 3.50452632e-01 3.49444151e-03
      3.48956048e-01 -3.38309188e-03 3.48763794e-01 -5.35771437e-03
      3.48659247e-01 -9.28711332e-03 3.48847866e-01 -1.61799286e-02
      3.49144787e-01 -2.11237278e-02 3.50213230e-01 -3.10094543e-02
      3.52487475e-01 -3.91330719e-02 3.57116073e-01 -4.76181880e-02
      3.58911812e-01 -5.06173149e-02 3.61666590e-01 -5.46461046e-02
      3.64677936e-01 -5.82727045e-02 3.72770935e-01 -6.60855472e-02
      3.75783324e-01 -6.86637387e-02 3.79373312e-01 -7.14208484e-02
      3.80946517e-01 -7.24393576e-02 3.88697743e-01 -7.58710280e-02
      3.94835532e-01 -7.78475180e-02 4.13764507e-01 -7.87521899e-02
      4.17531759e-01 -7.76292533e-02 4.25421298e-01 -7.42490441e-02
      4.45707321e-01 -5.87895997e-02</contour2d>
    <histogram type_id="opencv-matrix">
      <rows>20</rows>
      <cols>1</cols>
      <dt>f</dt>
      <data>
        0. 0. 0. 0. 0. 0. 0. 0. 0. 0. 0. 0. 0. 3.38433862e-01
        3.14131409e-01 0. 0. 0. 3.41134131e-01 6.30063005e-03</data></histogram></_>
  <_><id>4</id>
    <height>9.4192385673522949e-02</height>
    <contour2d>
      4.67122465e-01 -3.76995280e-02 4.71526712e-01 -1.96771100e-02
      4.71368134e-01 4.86394903e-03 4.70445722e-01 1.12985373e-02
      4.59629893e-01 2.83048488e-02 4.47779804e-01 3.88531387e-02
      4.34626162e-01 4.50278558e-02 4.23248053e-01 4.78648581e-02
      4.16449368e-01 4.86272648e-02 4.02206033e-01 4.81786467e-02
      3.97383094e-01 4.70208675e-02 3.93665731e-01 4.59123589e-02
      3.88248980e-01 4.35177274e-02 3.82062733e-01 3.91213782e-02
      3.79358172e-01 3.68374437e-02 3.77027065e-01 3.46271284e-02
      3.69843572e-01 2.71214079e-02 3.65752250e-01 2.11960357e-02
      3.63983393e-01 1.82834715e-02 3.62580925e-01 1.54731777e-02
      3.61485302e-01 1.25106778e-02 3.58207703e-01 5.47728501e-04
      3.57607335e-01 -1.53525993e-02 3.57573956e-01 -2.43679602e-02
      3.57900262e-01 -2.83910707e-02 3.58207554e-01 -3.03306822e-02
      3.59868884e-01 -3.72051857e-02 3.60793233e-01 -3.92143801e-02
      3.63700479e-01 -4.44144458e-02 3.66123974e-01 -4.75671068e-02
      3.69699091e-01 -5.16610555e-02 3.74887943e-01 -5.71103729e-02
      3.81959140e-01 -6.38920888e-02 3.89119744e-01 -6.85475543e-02
      3.98849249e-01 -7.24839717e-02 4.02842790e-01 -7.37019181e-02
      4.18961853e-01 -7.52301067e-02 4.39864397e-01 -6.86342344e-02
      4.63258147e-01 -4.28547487e-02</contour2d>
    <histogram type_id="opencv-matrix">
      <rows>20</rows>
      <cols>1</cols>
      <dt>f</dt>
      <data>
        0. 0. 6.33713556e-04 0. 0. 0. 0. 0. 0. 0. 0. 0. 6.33713556e-04
        3.86565268e-01 2.55386561e-01 0. 0. 0. 3.55513304e-01
        1.26742711e-03</data></histogram></_>
  <_><id>5</id>
    <height>9.4597220420837402e-02</height>
    <contour2d>
      4.73431200e-01 -2.61294167e-03 4.72892016e-01 4.86198207e-03
      4.69755024e-01 1.76898874e-02 4.62934673e-01 3.59301642e-02
      4.44041163e-01 4.85989265e-02 4.29685891e-01 5.36349192e-02
      4.17539477e-01 5.35479486e-02 4.08845454e-01 5.18590882e-02
      4.04769689e-01 5.06788194e-02 3.91416073e-01 4.56840582e-02
      3.88424635e-01 4.43191007e-02 3.84810358e-01 4.22200896e-02
      3.81573409e-01 4.00658548e-02 3.77484471e-01 3.70104536e-02
      3.73961985e-01 3.37319188e-02 3.72068226e-01 3.16836536e-02
      3.68101656e-01 2.55040321e-02 3.66989374e-01 2.34783776e-02
      3.65007430e-01 1.93445738e-02 3.61423284e-01 1.02971317e-02
      3.59344423e-01 1.51993113e-03 3.58862817e-01 -2.42305663e-03
      3.58764797e-01 -5.38985990e-03 3.59088480e-01 -9.38706566e-03
      3.60339910e-01 -1.93576012e-02 3.62414747e-01 -2.53037810e-02
      3.66966516e-01 -3.75503153e-02 3.68721247e-01 -4.18372266e-02
      3.70214403e-01 -4.49834950e-02 3.72593611e-01 -4.90317717e-02
      3.76362890e-01 -5.40534630e-02 3.81461620e-01 -5.85038587e-02
