<?xml version="1.0"?>
<opencv_storage>
<obj>
  <_><id>1</id>
    <height>3.2528162002563477e-02</height>
    <contour2d>
      3.80125880e-01 -6.32856600e-03 3.80386800e-01 -3.99524020e-03
      3.81138772e-01 9.89930518e-03 3.75055522e-01 2.48379540e-02
      3.70341599e-01 3.06158699e-02 3.66209358e-01 3.28907482e-02
      3.63281041e-01 3.40400934e-02 3.51711243e-01 3.40484716e-02
      3.47975761e-01 3.27859782e-02 3.43279094e-01 3.02636679e-02
      3.40068966e-01 2.79449262e-02 3.38838696e-01 2.67758686e-02
      3.35870862e-01 2.33553350e-02 3.32276762e-01 1.76175982e-02
      3.31327021e-01 1.53520992e-02 3.30695570e-01 1.30502703e-02
      3.30215514e-01 9.68096592e-03 3.30112308e-01 7.41341803e-03
      3.30157697e-01 5.15128067e-03 3.30443054e-01 2.87925801e-03
      3.30949396e-01 6.23624073e-04 3.32047433e-01 -2.77116406e-03
      3.33393604e-01 -6.17686519e-03 3.34509134e-01 -8.45005456e-03
      3.36019695e-01 -1.07444860e-02 3.39336723e-01 -1.41826170e-02
      3.40667129e-01 -1.53458230e-02 3.43765527e-01 -1.76438633e-02
      3.45885068e-01 -1.88011862e-02 3.51751119e-01 -2.12591831e-02
      3.58728886e-01 -2.12749299e-02 3.64482999e-01 -1.89635903e-02
      3.74523252e-01 -1.32628167e-02</contour2d>
    <histogram type_id="opencv-matrix">
      <rows>20</rows>
      <cols>1</cols>
      <dt>f</dt>
      <data>
        0. 0. 0. 0. 0. 0. 0. 0. 0. 0. 0. 0. 0. 0. 0. 0. 0. 1. 0. 0.</data></histogram></_>
  <_><id>2</id>
    <height>3.2526373863220215e-02</height>
    <contour2d>
      3.81623924e-01 7.57083111e-03 3.79039019e-01 1.21650770e-02
      3.69211406e-01 2.71403678e-02 3.67448658e-01 2.83116065e-02
      3.60330671e-01 3.06945778e-02 3.57763499e-01 3.06201018e-02
      3.51306736e-01 2.93920096e-02 3.46311957e-01 2.69673262e-02
      3.44255149e-01 2.58084442e-02 3.42749298e-01 2.46084817e-02
      3.40194196e-01 2.22655106e-02 3.37992221e-01 1.99636947e-02
      3.36224377e-01 1.76998712e-02 3.34768355e-01 1.53905805e-02
      3.32603216e-01 9.70128272e-03 3.31721425e-01 6.27377164e-03
      3.31366003e-01 4.02397150e-03 3.31358731e-01 6.24740496e-04
      3.31992805e-01 -3.90196429e-03 3.33030373e-01 -7.29903812e-03
      3.35399836e-01 -1.18501401e-02 3.37829083e-01 -1.52862994e-02
      3.39753002e-01 -1.76313780e-02 3.42089117e-01 -1.99484862e-02
      3.47927243e-01 -2.34764777e-02 3.50809038e-01 -2.46229116e-02
      3.55640978e-01 -2.58696843e-02 3.63089651e-01 -2.60323454e-02
      3.69349152e-01 -2.25052964e-02 3.72686386e-01 -2.02220622e-02
      3.79466385e-01 -1.21073481e-02 3.81614715e-01 -3.98494117e-03</contour2d>
    <histogram type_id="opencv-matrix">
      <rows>20</rows>
      <cols>1</cols>
      <dt>f</dt>
      <data>
        0. 0. 0. 0. 0. 0. 0. 0. 0. 0. 0. 0. 0. 0. 0. 0. 0.
        9.98903513e-01 0. 1.09649124e-03</data></histogram></_>
  <_><id>3</id>
    <height>3.2397806644439697e-02</height>
    <contour2d>
      3.84460688e-01 4.11706697e-03 3.81256163e-01 1.22196767e-02
      3.79183650e-01 1.45294042e-02 3.69528204e-01 2.36255005e-02
      3.63013566e-01 2.71009058e-02 3.54476124e-01 2.71199308e-02
      3.51061583e-01 2.59155389e-02 3.46738458e-01 2.35733017e-02
      3.45197767e-01 2.23732721e-02 3.41379642e-01 1.88669562e-02
      3.38002592e-01 1.42770940e-02 3.36107761e-01 1.08655170e-02
      3.34774166e-01 7.44071603e-03 3.33805770e-01 1.76188664e-03
      3.33557010e-01 -1.64339191e-03 3.33650678e-01 -3.91389662e-03
      3.34249854e-01 -7.30744610e-03 3.34958255e-01 -9.60302912e-03
      3.37046087e-01 -1.41601190e-02 3.37718338e-01 -1.52791180e-02
      3.39514494e-01 -1.76136773e-02 3.41627270e-01 -1.99100878e-02
      3.45588863e-01 -2.34373678e-02 3.49130094e-01 -2.57973485e-02
      3.52051973e-01 -2.69487593e-02 3.56644601e-01 -2.81782206e-02
      3.67232949e-01 -2.84822658e-02 3.73300642e-01 -2.49143019e-02
      3.80867928e-01 -1.56075060e-02 3.84306341e-01 -5.15413191e-03</contour2d>
    <histogram type_id="opencv-matrix">
      <rows>20</rows>
      <cols>1</cols>
      <dt>f</dt>
      <data>
        0. 0. 0. 0. 0. 0. 0. 0. 0. 0. 0. 0. 0. 0. 0. 0. 0. 1. 0. 0.</data></histogram></_>
  <_><id>4</id>
    <height>3.2530307769775391e-02</height>
    <contour2d>
      3.89897108e-01 -6.35005906e-03 3.89496833e-01 6.41849183e-04
      3.88649613e-01 5.29968413e-03 3.86259645e-01 9.94216837e-03
      3.81945699e-01 1.45717999e-02 3.78069013e-01 1.68956220e-02
      3.66269082e-01 2.25279573e-02 3.56780112e-01 2.25462485e-02
      3.53638470e-01 2.13734657e-02 3.49812835e-01 1.89988408e-02
      3.48478466e-01 1.78243052e-02 3.46190631e-01 1.55091714e-02
      3.44295591e-01 1.32219167e-02 3.42211127e-01 9.78161674e-03
      3.41057688e-01 7.48790381e-03 3.39421809e-01 1.76814152e-03
      3.38976085e-01 -5.10311394e-04 3.38622510e-01 -3.93304694e-03
      3.38630468e-01 -5.07369218e-03 3.39620858e-01 -1.07776383e-02
      3.40489745e-01 -1.41941905e-02 3.41345429e-01 -1.64674837e-02
      3.44196707e-01 -2.11077575e-02 3.46278757e-01 -2.34110318e-02
      3.48842531e-01 -2.57673077e-02 3.52719784e-01 -2.81731151e-02
      3.58226329e-01 -3.05563249e-02 3.62417817e-01 -3.18677500e-02
      3.68613243e-01 -3.19077075e-02 3.76252800e-01 -2.96685621e-02
      3.79312366e-01 -2.86160707e-02 3.85068387e-01 -2.27514300e-02
      3.87681842e-01 -1.44954231e-02</contour2d>
    <histogram type_id="opencv-matrix">
      <rows>20</rows>
      <cols>1</cols>
      <dt>f</dt>
      <data>
        0. 0. 0. 0. 0. 0. 0. 0. 0. 0. 0. 0. 0. 0. 0. 0. 0. 1. 0. 0.</data></histogram></_>
  <_><id>5</id>
    <height>3.2451152801513672e-02</height>
    <contour2d>
      4.00496185e-01 -1.11144846e-02 3.99978667e-01 -1.70094578e-03
      3.97747904e-01 6.51344191e-03 3.94433647e-01 1.35826096e-02
      3.87153536e-01 1.82001330e-02 3.83884162e-01 1.93488114e-02
      3.77661526e-01 1.93263087e-02 3.67161900e-01 1.80458091e-02
      3.61963540e-01 1.68018062e-02 3.59773070e-01 1.56321432e-02
      3.58047694e-01 1.44908251e-02 3.56730223e-01 1.33181997e-02
      3.54615062e-01 1.10046742e-02 3.52975577e-01 8.71076901e-03
      3.51254046e-01 5.23440214e-03 3.50412399e-01 2.93577090e-03
      3.49537134e-01 -1.66742888e-03 3.49532813e-01 -7.42266374e-03
      3.50771427e-01 -1.31409848e-02 3.52433264e-01 -1.77817233e-02
      3.54315162e-01 -2.13119835e-02 3.58557910e-01 -2.59686895e-02
      3.61015290e-01 -2.83381846e-02 3.62577170e-01 -2.95638591e-02
      3.67414147e-01 -3.19990665e-02 3.72277409e-01 -3.32805775e-02
      3.78170490e-01 -3.32789607e-02 3.85636896e-01 -3.10023632e-02
      3.90264064e-01 -2.87259892e-02 3.95484090e-01 -2.16237493e-02</contour2d>
    <histogram type_id="opencv-matrix">
      <rows>20</rows>
      <cols>1</cols>
      <dt>f</dt>
      <data>
        0. 0. 0. 0. 0. 0. 0. 0. 0. 0. 0. 0. 0. 0. 0. 0. 0.
        9.99999940e-01 0. 0.</data></histogram></_>
  <_><id>6</id>
    <height>3.2479822635650635e-02</height>
    <contour2d>
      4.06487554e-01 -1.00049591e-02 4.04997468e-01 6.49921829e-04
      4.01976854e-01 1.00758700e-02 3.96054596e-01 1.83253344e-02
      3.90852869e-01 2.05939263e-02 3.87482792e-01 2.17361767e-02
      3.79508257e-01 2.17293315e-02 3.63571554e-01 1.45278750e-02
      3.61792773e-01 1.33791165e-02 3.58701348e-01 9.89797525e-03
      3.57882470e-01 8.71260744e-03 3.56702209e-01 6.39979821e-03
      3.55341136e-01 2.94807530e-03 3.54869872e-01 6.35965320e-04
      3.54568720e-01 -2.82059913e-03 3.54934543e-01 -7.43909972e-03
      3.55415285e-01 -9.76483896e-03 3.56870532e-01 -1.44153312e-02
      3.58186841e-01 -1.67536754e-02 3.61272544e-01 -2.14049015e-02
      3.62226397e-01 -2.25631930e-02 3.64658475e-01 -2.49290206e-02
      3.67993206e-01 -2.73956396e-02 3.72525483e-01 -2.97983829e-02
      3.75310123e-01 -3.10618747e-02 3.86364073e-01 -3.10818925e-02
      3.89303505e-01 -2.99038719e-02 3.93780172e-01 -2.76030935e-02
      3.97298396e-01 -2.52955817e-02 4.01679188e-01 -2.06064265e-02</contour2d>
    <histogram type_id="opencv-matrix">
