<?xml version="1.0"?>
<opencv_storage>
<obj>
  <_><id>1</id>
    <height>1.0658860206604004e-02</height>
    <contour2d>
      5.55874527e-01 4.88657169e-02 5.33314288e-01 5.65999933e-02
      4.92118329e-01 6.88718408e-02 4.83266175e-01 7.06657469e-02
      4.82844234e-01 6.94020614e-02 4.81709689e-01 6.44677356e-02
      4.80790049e-01 5.95956072e-02 4.80689824e-01 5.84012046e-02
      4.81485873e-01 5.36687858e-02 4.96293873e-01 -5.38243796e-04
      5.08421063e-01 -4.18826006e-03 5.50699174e-01 3.58555205e-02
      5.53598821e-01 3.97920720e-02</contour2d>
    <histogram type_id="opencv-matrix">
      <rows>20</rows>
      <cols>1</cols>
      <dt>f</dt>
      <data>
        0. 0. 0. 0. 0. 0. 0. 0. 0. 0. 0. 0. 0. 0. 0. 0. 0. 0. 1. 0.</data></histogram></_>
  <_><id>2</id>
    <height>1.0783433914184570e-02</height>
    <contour2d>
      4.12457913e-01 1.26734212e-01 4.11297977e-01 1.27719179e-01
      3.98992896e-01 1.26165718e-01 3.58939230e-01 1.16794281e-01
      3.36863369e-01 1.10963792e-01 3.36656034e-01 1.08822815e-01
      3.39792579e-01 1.00625098e-01 3.41623127e-01 9.76563245e-02
      3.82247388e-01 5.53411357e-02 3.83441716e-01 5.43360300e-02
      3.95338625e-01 5.82530797e-02 4.12697345e-01 1.12913460e-01
      4.13018733e-01 1.15234956e-01 4.13158357e-01 1.22243240e-01</contour2d>
    <histogram type_id="opencv-matrix">
      <rows>20</rows>
      <cols>1</cols>
      <dt>f</dt>
      <data>
        0. 0. 0. 0. 0. 0. 0. 0. 0. 0. 0. 0. 0. 0. 0. 0. 0. 0. 1. 0.</data></histogram></_>
  <_><id>3</id>
    <height>1.0134041309356689e-02</height>
    <contour2d>
      3.74336958e-01 1.51436061e-01 3.73278826e-01 1.52371138e-01
      3.71138573e-01 1.52100593e-01 3.63124609e-01 1.47671521e-01
      3.37621301e-01 1.32407069e-01 3.26963156e-01 1.25808209e-01
      3.07334721e-01 1.13164693e-01 3.08262199e-01 1.11272037e-01
      3.14271688e-01 1.04642630e-01 3.17060113e-01 1.02880016e-01
      3.66700619e-01 7.76017308e-02 3.67920518e-01 7.77170584e-02
      3.77211928e-01 8.38158131e-02 3.77517998e-01 1.41798705e-01
      3.76902580e-01 1.45098552e-01</contour2d>
    <histogram type_id="opencv-matrix">
      <rows>20</rows>
      <cols>1</cols>
      <dt>f</dt>
      <data>
        0. 0. 0. 0. 0. 0. 0. 0. 0. 0. 0. 0. 0. 0. 0. 0. 0. 0. 1. 0.</data></histogram></_>
  <_><id>4</id>
    <height>1.0206997394561768e-02</height>
    <contour2d>
      3.14679027e-01 1.00245640e-01 3.21919709e-01 1.11115158e-01
      2.87573278e-01 1.54714748e-01 2.83336341e-01 1.59075156e-01
      2.76684612e-01 1.63225442e-01 2.71468818e-01 1.65350750e-01
      2.69738227e-01 1.65106937e-01 2.66097516e-01 1.41816437e-01
      2.61583805e-01 1.10157907e-01 2.59776145e-01 9.49583128e-02
      2.59708345e-01 8.93090591e-02 2.61566520e-01 8.85941163e-02</contour2d>
    <histogram type_id="opencv-matrix">
      <rows>20</rows>
      <cols>1</cols>
      <dt>f</dt>
      <data>
        0. 0. 0. 0. 0. 0. 0. 0. 0. 0. 0. 0. 0. 0. 0. 0. 0. 0. 1. 0.</data></histogram></_>
  <_><id>5</id>
    <height>1.7168641090393066e-02</height>
    <contour2d>
      3.33980411e-01 4.74864952e-02 3.30207556e-01 4.82149236e-02
      3.21094245e-01 4.94380966e-02 3.06420207e-01 5.11022657e-02
      2.98435569e-01 5.04186712e-02 2.96311110e-01 4.93009202e-02
      2.92112619e-01 4.51885872e-02 2.90911496e-01 4.31830995e-02
      2.89160818e-01 3.93349826e-02 2.85676569e-01 2.50639860e-02
      2.83208609e-01 5.23312483e-03 2.83134162e-01 -7.96092581e-03
      2.83231080e-01 -1.07935388e-02 2.84103632e-01 -2.02362500e-02
      2.85319567e-01 -2.40730215e-02 2.88574189e-01 -2.80123185e-02
      2.91809112e-01 -3.00737843e-02 2.94160932e-01 -3.11690941e-02
      3.19110036e-01 -3.25453542e-02 3.22306663e-01 -3.16634811e-02
      3.26532364e-01 -2.57457420e-02 3.36117029e-01 3.73718031e-02
      3.36105585e-01 4.14595865e-02</contour2d>
    <histogram type_id="opencv-matrix">
      <rows>20</rows>
      <cols>1</cols>
      <dt>f</dt>
      <data>
        0. 0. 0. 0. 0. 0. 0. 0. 0. 0. 0. 0. 0. 0. 0. 0. 0. 0. 1. 0.</data></histogram></_>
  <_><id>6</id>
    <height>1.9999086856842041e-02</height>
    <contour2d>
      3.70552450e-01 6.94784289e-03 3.68097126e-01 6.92710886e-03
      3.59177828e-01 3.69815249e-03 3.39332551e-01 -4.47277306e-03
      3.32938582e-01 -7.41008483e-03 3.31520945e-01 -8.38153623e-03
      3.28872651e-01 -1.13030579e-02 3.26903194e-01 -1.42380828e-02
      3.25789064e-01 -1.81519557e-02 3.25627744e-01 -1.91220324e-02
      3.25645506e-01 -2.10901275e-02 3.27124417e-01 -3.31077799e-02
      3.29058439e-01 -4.12373617e-02 3.30780506e-01 -4.74027358e-02
      3.33854467e-01 -5.67645803e-02 3.40704858e-01 -7.17204958e-02
      3.43096614e-01 -7.60447979e-02 3.44497919e-01 -7.82823339e-02
      3.47282887e-01 -8.17490444e-02 3.49817574e-01 -8.30883235e-02
      3.56470406e-01 -8.39512646e-02 3.59240174e-01 -8.32762718e-02
      3.61595064e-01 -7.93020278e-02 3.62674236e-01 -7.62238950e-02
      3.63894582e-01 -6.89638630e-02 3.73122215e-01 -4.73338459e-03
      3.73041779e-01 2.71421834e-03 3.71860862e-01 5.89782884e-03</contour2d>
    <histogram type_id="opencv-matrix">
      <rows>20</rows>
      <cols>1</cols>
      <dt>f</dt>
      <data>
        0. 0. 0. 0. 0. 0. 0. 0. 0. 0. 0. 0. 0. 0. 0. 0. 0. 0.
        9.99999940e-01 0.</data></histogram></_>
  <_><id>7</id>
    <height>1.6549885272979736e-02</height>
    <contour2d>
      4.60674405e-01 -8.53132680e-02 4.60816741e-01 -8.41852129e-02
      4.59471226e-01 -7.94403180e-02 4.57996249e-01 -7.69965202e-02
      4.15658534e-01 -2.93981358e-02 4.14368153e-01 -2.82485634e-02
      4.09390688e-01 -2.59018429e-02 4.06723589e-01 -2.58222818e-02
      4.03994977e-01 -2.79317107e-02 3.91094029e-01 -4.01442684e-02
      3.85405183e-01 -4.60595638e-02 3.83952856e-01 -4.80734035e-02
      3.83073956e-01 -5.10864444e-02 3.82657200e-01 -5.62748387e-02
      3.82687241e-01 -5.73338605e-02 3.83703768e-01 -6.15878068e-02
      3.87483537e-01 -6.71638250e-02 3.90010238e-01 -7.05527514e-02
      3.97451639e-01 -7.97098055e-02 4.15076077e-01 -9.65171009e-02
      4.22703445e-01 -1.02775827e-01 4.26545441e-01 -1.05384707e-01
      4.28985804e-01 -1.06721289e-01 4.36372072e-01 -1.07706845e-01
      4.43359256e-01 -1.05436601e-01 4.47109729e-01 -1.01508074e-01
      4.51444566e-01 -9.65420753e-02 4.58272785e-01 -8.84267837e-02</contour2d>
    <histogram type_id="opencv-matrix">
      <rows>20</rows>
      <cols>1</cols>
      <dt>f</dt>
      <data>
        0. 0. 0. 0. 0. 0. 0. 0. 0. 0. 0. 0. 0. 0. 0. 0. 0. 0. 1. 0.</data></histogram></_>
  <_><id>8</id>
    <height>1.8758654594421387e-02</height>
    <contour2d>
      5.17350495e-01 -9.43690687e-02 5.20108581e-01 -9.11074504e-02
      5.22235096e-01 -8.41917619e-02 5.17784476e-01 -7.65241310e-02
      4.69175726e-01 -2.98071057e-02 4.64926898e-01 -2.61850953e-02
      4.60767746e-01 -2.49199346e-02 4.59247142e-01 -2.48773322e-02
      4.57784444e-01 -2.59966198e-02 4.54821080e-01 -3.27536426e-02
      4.51696068e-01 -4.15917449e-02 4.47459579e-01 -5.46136983e-02
      4.46193695e-01 -5.89055344e-02 4.45515662e-01 -6.21518865e-02
      4.45490897e-01 -6.43889979e-02 4.46507812e-01 -6.77787960e-02
      4.47448283e-01 -7.00339451e-02 4.49901044e-01 -7.35457242e-02
      4.53046530e-01 -7.60940239e-02 4.59673971e-01 -8.01732466e-02
      4.64924872e-01 -8.30401033e-02 4.74365920e-01 -8.74325484e-02
      4.82796818e-01 -9.06789526e-02 4.87794369e-01 -9.23887566e-02
      5.01048207e-01 -9.61623415e-02 5.11289179e-01 -9.72630531e-02</contour2d>
    <histogram type_id="opencv-matrix">
      <rows>20</rows>
      <cols>1</cols>
      <dt>f</dt>
      <data>
        0. 0. 0. 0. 0. 0. 0. 0. 0. 0. 0. 0. 0. 0. 0. 0. 0. 0. 1. 0.</data></histogram></_>
  <_><id>9</id>
    <height>1.8737316131591797e-02</height>
    <contour2d>
      3.55716318e-01 -1.64323285e-01 3.58805388e-01 -1.61096543e-01
      3.60582530e-01 -1.56464234e-01 3.61166298e-01 -1.52621448e-01
