<?xml version="1.0"?>
<opencv_storage>
<obj>
  <_><id>1</id>
    <height>5.0454080104827881e-02</height>
    <contour2d>
      4.43516463e-01 -1.37242060e-02 4.44547504e-01 -5.31738717e-03
      4.44195420e-01 9.01746936e-03 4.41147774e-01 1.73745994e-02
      4.37714338e-01 2.58551594e-02 4.25823450e-01 3.41699794e-02
      4.18260396e-01 3.63884717e-02 4.05428797e-01 3.62921357e-02
      4.01766241e-01 3.49103957e-02 3.99023563e-01 3.36435251e-02
      3.95014286e-01 3.12822089e-02 3.91556114e-01 2.88775507e-02
      3.88673633e-01 2.64417864e-02 3.86236042e-01 2.39743032e-02
      3.84275526e-01 2.16413997e-02 3.81381482e-01 1.69187430e-02
      3.79679531e-01 1.34430211e-02 3.78580242e-01 9.91234463e-03
      3.77775073e-01 6.41617784e-03 3.77538562e-01 4.10113018e-03
      3.77566695e-01 1.79811660e-03 3.78502399e-01 -5.15499664e-03
      3.79570454e-01 -8.63430928e-03 3.82052302e-01 -1.44577036e-02
      3.83281738e-01 -1.67955570e-02 3.86303484e-01 -2.15260182e-02
      3.89386803e-01 -2.50384547e-02 3.94309431e-01 -2.87348907e-02
      3.98856699e-01 -3.11475862e-02 4.01416838e-01 -3.22807133e-02
      4.05075639e-01 -3.35331336e-02 4.19409692e-01 -3.37921232e-02
      4.24825966e-01 -3.13599892e-02 4.29360002e-01 -2.77643055e-02
      4.38026190e-01 -1.95745118e-02</contour2d>
    <histogram type_id="opencv-matrix">
      <rows>20</rows>
      <cols>1</cols>
      <dt>f</dt>
      <data>
        8.23637009e-01 1.76362962e-01 0. 0. 0. 0. 0. 0. 0. 0. 0. 0. 0.
        0. 0. 0. 0. 0. 0. 0.</data></histogram></_>
  <_><id>2</id>
    <height>5.0224304199218750e-02</height>
    <contour2d>
      4.45054501e-01 1.38285942e-02 4.39564347e-01 2.44240053e-02
      4.31782693e-01 3.77508365e-02 4.24781770e-01 4.12176289e-02
      4.17193174e-01 4.36647460e-02 4.08340633e-01 4.35494147e-02
      4.02808189e-01 4.21445556e-02 3.99041325e-01 4.08525392e-02
      3.96663189e-01 3.96179259e-02 3.94553572e-01 3.82909440e-02
      3.90195489e-01 3.45951766e-02 3.87932926e-01 3.22208405e-02
      3.86017233e-01 2.98873931e-02 3.83485138e-01 2.63255518e-02
      3.81456405e-01 2.27382760e-02 3.79872859e-01 1.92074347e-02
      3.79060417e-01 1.68965012e-02 3.78092021e-01 1.22522581e-02
      3.77662182e-01 8.75502266e-03 3.77603471e-01 6.43488672e-03
      3.77787530e-01 2.95946444e-03 3.78314465e-01 -5.19407098e-04
      3.79548341e-01 -3.99720808e-03 3.81260574e-01 -7.49430526e-03
      3.82542729e-01 -9.82931070e-03 3.84225547e-01 -1.21865822e-02
      3.89564782e-01 -1.80454049e-02 3.92337620e-01 -2.04384327e-02
      3.95503283e-01 -2.28742696e-02 3.97354037e-01 -2.40399316e-02
      3.99924338e-01 -2.52657700e-02 4.04417545e-01 -2.66652405e-02
      4.11453038e-01 -2.78565548e-02 4.16684061e-01 -2.78771706e-02
      4.21821386e-01 -2.66996007e-02 4.33741748e-01 -1.96172744e-02
      4.41054434e-01 -8.89094267e-03 4.43117559e-01 -2.92306882e-03
      4.44022775e-01 3.04534473e-03</contour2d>
    <histogram type_id="opencv-matrix">
      <rows>20</rows>
      <cols>1</cols>
      <dt>f</dt>
      <data>
        8.31501842e-01 1.68498173e-01 0. 0. 0. 0. 0. 0. 0. 0. 0. 0. 0.
        0. 0. 0. 0. 0. 0. 0.</data></histogram></_>
  <_><id>3</id>
    <height>5.0031125545501709e-02</height>
    <contour2d>
      4.37087178e-01 3.88619006e-02 4.28885996e-01 4.70505916e-02
      4.22212780e-01 5.05141132e-02 4.16156828e-01 5.28778769e-02
      4.01621014e-01 5.26051559e-02 3.95728678e-01 5.02554215e-02
      3.93497348e-01 4.90333401e-02 3.91359568e-01 4.76645790e-02
      3.88367236e-01 4.53097522e-02 3.85645360e-01 4.28466797e-02
      3.83240461e-01 4.02988195e-02 3.80797595e-01 3.67364809e-02
      3.79557878e-01 3.43755782e-02 3.78608316e-01 3.20524648e-02
      3.76826495e-01 2.61591338e-02 3.75800818e-01 1.91957783e-02
      3.75695378e-01 1.57104209e-02 3.76046598e-01 1.10479686e-02
      3.76425952e-01 8.74670781e-03 3.77054989e-01 6.44489564e-03
      3.79142314e-01 6.40530896e-04 3.81142795e-01 -2.84441188e-03
      3.83618742e-01 -6.34119101e-03 3.85988921e-01 -8.68144538e-03
      3.90934676e-01 -1.22630941e-02 3.92921031e-01 -1.34372711e-02
      3.95583212e-01 -1.46452626e-02 4.02694911e-01 -1.70647241e-02
      4.09546286e-01 -1.83581952e-02 4.11933154e-01 -1.83219314e-02
      4.23132300e-01 -1.47740925e-02 4.26624358e-01 -1.23812640e-02
      4.31251198e-01 -8.84345639e-03 4.33284789e-01 -6.46956731e-03
      4.36431378e-01 -1.72065920e-03 4.40397143e-01 5.42254280e-03
      4.41325277e-01 2.32878309e-02 4.39447194e-01 3.16374078e-02</contour2d>
    <histogram type_id="opencv-matrix">
      <rows>20</rows>
      <cols>1</cols>
      <dt>f</dt>
      <data>
        8.46856713e-01 1.53143272e-01 0. 0. 0. 0. 0. 0. 0. 0. 0. 0. 0.
        0. 0. 0. 0. 0. 0. 0.</data></histogram></_>
  <_><id>4</id>
    <height>5.0054430961608887e-02</height>
    <contour2d>
      4.34712231e-01 5.41158766e-03 4.38080817e-01 1.49395531e-02
      4.35990214e-01 3.75446603e-02 4.34737533e-01 3.98944095e-02
      4.30156231e-01 4.69458476e-02 4.24675286e-01 5.28009161e-02
      4.19497132e-01 5.63224033e-02 4.12267894e-01 5.86435609e-02
      3.98970932e-01 5.83786704e-02 3.94320458e-01 5.70667051e-02
      3.90688568e-01 5.57628311e-02 3.88968408e-01 5.46384044e-02
      3.82894874e-01 4.97423075e-02 3.81648093e-01 4.85276170e-02
      3.79591435e-01 4.61766347e-02 3.77776295e-01 4.37095277e-02
      3.74927253e-01 3.89264934e-02 3.73805493e-01 3.65864784e-02
      3.72612864e-01 3.29623483e-02 3.72084916e-01 3.07038110e-02
      3.71700972e-01 2.71958858e-02 3.71790260e-01 2.02741157e-02
      3.72962326e-01 1.33532193e-02 3.74004006e-01 9.88779310e-03
      3.76558810e-01 4.11558012e-03 3.78828764e-01 6.39805454e-04
      3.81606281e-01 -2.84913764e-03 3.84054095e-01 -5.18536381e-03
      3.87016624e-01 -7.51715666e-03 3.88889253e-01 -8.70996062e-03
      3.91413510e-01 -9.89834778e-03 3.94977540e-01 -1.10929208e-02
      4.00229782e-01 -1.23207085e-02 4.12314802e-01 -1.24071985e-02
      4.18753833e-01 -1.00146849e-02 4.20588285e-01 -8.82484857e-03
      4.26849186e-01 -4.08919947e-03 4.32523489e-01 1.84368168e-03</contour2d>
    <histogram type_id="opencv-matrix">
      <rows>20</rows>
      <cols>1</cols>
      <dt>f</dt>
      <data>
        8.55862319e-01 1.43062025e-01 0. 0. 0. 0. 0. 0. 0. 0. 0. 0. 0.
        0. 0. 0. 0. 0. 0. 1.07565429e-03</data></histogram></_>
  <_><id>5</id>
    <height>4.9159467220306396e-02</height>
    <contour2d>
      4.29473668e-01 2.19739210e-02 4.27897185e-01 3.60134393e-02
      4.21836853e-01 4.88119721e-02 4.12877470e-01 5.93726449e-02
      4.05118108e-01 6.41017854e-02 4.01631176e-01 6.53790832e-02
      3.90191942e-01 6.48106039e-02 3.85646313e-01 6.35052845e-02
      3.81066024e-01 6.12467416e-02 3.78618151e-01 5.97640835e-02
      3.75200063e-01 5.73422015e-02 3.71338010e-01 5.38770929e-02
      3.69075477e-01 5.13145812e-02 3.66355896e-01 4.77180257e-02
      3.65218252e-01 4.53916341e-02 3.63177449e-01 3.96366753e-02
      3.62227410e-01 3.61972377e-02 3.61707002e-01 3.28117311e-02
      3.61551851e-01 3.04950476e-02 3.61595035e-01 2.59052273e-02
      3.61925393e-01 2.24041846e-02 3.63118201e-01 1.78361554e-02
      3.64038914e-01 1.55396899e-02 3.65822077e-01 1.21371988e-02
      3.68018895e-01 8.69486947e-03 3.70678961e-01 5.25475619e-03
      3.73896629e-01 1.79319771e-03 3.76573205e-01 -5.19804191e-04
      3.79801512e-01 -2.84069241e-03 3.84379536e-01 -5.20947948e-03
      3.87236923e-01 -6.37831865e-03 3.91698003e-01 -7.56256422e-03
      3.99953634e-01 -7.54668005e-03 4.05084431e-01 -6.40155515e-03
      4.13695812e-01 -1.70568633e-03 4.18508768e-01 1.83197914e-03
      4.24490809e-01 1.00979013e-02 4.26627249e-01 1.48280440e-02</contour2d>
    <histogram type_id="opencv-matrix">
      <rows>20</rows>
      <cols>1</cols>
      <dt>f</dt>
      <data>
        8.59856606e-01 1.39784947e-01 0. 0. 0. 0. 0. 0. 0. 0. 0. 0. 0.
        0. 0. 0. 0. 0. 0. 3.58422927e-04</data></histogram></_>
  <_><id>6</id>
