<?xml version="1.0"?>
<opencv_storage>
<obj>
  <_><id>1</id>
    <height>3.7819623947143555e-02</height>
    <contour2d>
      5.31267107e-01 -2.46495232e-02 5.09616315e-01 1.39006423e-02
      5.04231632e-01 2.24798191e-02 5.02605975e-01 2.19860710e-02
      4.56665069e-01 -2.44504376e-03 4.55947965e-01 -3.43679846e-03
      4.55702931e-01 -4.30662837e-03 4.55870748e-01 -5.28869592e-03
      4.80063111e-01 -5.15116639e-02 4.81024563e-01 -5.26873171e-02
      4.81540799e-01 -5.27776182e-02 4.83827382e-01 -5.22439070e-02
      5.08317769e-01 -3.93887870e-02 5.27963579e-01 -2.87424885e-02
      5.30668080e-01 -2.67145988e-02</contour2d>
    <histogram type_id="opencv-matrix">
      <rows>20</rows>
      <cols>1</cols>
      <dt>f</dt>
      <data>
        8.67658913e-01 8.84955749e-03 4.02252609e-03 1.60901051e-03
        5.63153671e-03 4.02252609e-03 4.58567999e-02 5.51086105e-02 0.
        0. 4.02252626e-04 0. 0. 0. 0. 4.02252626e-04 2.01126304e-03
        4.02252609e-03 0. 4.02252626e-04</data></histogram></_></obj>
</opencv_storage>
