<?xml version="1.0"?>
<opencv_storage>
<obj>
  <_><id>1</id>
    <height>1.4741420745849609e-02</height>
    <contour2d>
      4.43467408e-01 -1.27849400e-01 4.44143116e-01 -1.23693399e-01
      4.45700765e-01 -1.09044380e-01 4.46267098e-01 -9.44176912e-02
      4.45812434e-01 -7.89936408e-02 4.40467060e-01 5.41488193e-02
      4.39822942e-01 6.01009168e-02 4.39128041e-01 6.41560853e-02
      4.32062775e-01 6.77169114e-02 4.30375546e-01 6.80187568e-02
      4.27695245e-01 6.67851418e-02 4.26032394e-01 6.56036735e-02
      4.24551636e-01 6.34646192e-02 4.23789293e-01 6.14711493e-02
      4.23420638e-01 5.94054423e-02 4.19611514e-01 -9.22470465e-02
      4.20040786e-01 -9.93661135e-02 4.22737628e-01 -1.19772717e-01
      4.23950613e-01 -1.26576498e-01 4.29662466e-01 -1.27261728e-01</contour2d>
    <histogram type_id="opencv-matrix">
      <rows>20</rows>
      <cols>1</cols>
      <dt>f</dt>
      <data>
        5.10148823e-01 0. 0. 0. 0. 0. 0. 0. 0. 0. 0. 0. 0. 0. 0. 0. 0.
        1.84934586e-02 4.71357673e-01 0.</data></histogram></_>
  <_><id>2</id>
    <height>8.7857723236083984e-02</height>
    <contour2d>
      1.48607183e+00 -2.63685614e-01 1.48594332e+00 -2.24429443e-01
      1.47004318e+00 -2.34505951e-01 1.46936858e+00 -2.37340435e-01</contour2d>
    <histogram type_id="opencv-matrix">
      <rows>20</rows>
      <cols>1</cols>
      <dt>f</dt>
      <data>
        0. 0. 0. 0. 0. 0. 0. 0. 0. 0. 0. 0. 0. 0. 0. 0. 0. 0. 0. 1.</data></histogram></_></obj>
</opencv_storage>
