<?xml version="1.0"?>
<opencv_storage>
<obj>
  <_><id>1</id>
    <height>1.8681228160858154e-02</height>
    <contour2d>
      3.64469975e-01 -1.65771984e-03 3.64372790e-01 6.30816736e-04
      3.63241136e-01 2.91685038e-03 3.58295918e-01 1.20111806e-02
      3.39516461e-01 4.30844091e-02 3.15516204e-01 8.13386813e-02
      3.10766548e-01 8.85189548e-02 3.08735192e-01 9.06001329e-02
      3.06404501e-01 9.09153596e-02 2.96764433e-01 8.52453113e-02
      2.36562997e-01 4.91920002e-02 2.34855503e-01 4.65242267e-02
      2.34883547e-01 4.52195629e-02 2.68677086e-01 -1.20895002e-02
      2.85711199e-01 -4.01607528e-02 2.87834227e-01 -4.34524380e-02
      2.90267497e-01 -4.68308739e-02 2.90821731e-01 -4.67434824e-02
      2.96412051e-01 -4.37556729e-02 3.31591457e-01 -2.28127670e-02
      3.55308324e-01 -8.47522356e-03 3.58800530e-01 -6.21456932e-03
      3.63461643e-01 -2.80161970e-03</contour2d>
    <histogram type_id="opencv-matrix">
      <rows>20</rows>
      <cols>1</cols>
      <dt>f</dt>
      <data>
        9.09404695e-01 5.11216596e-02 0. 0. 0. 0. 0. 0. 0. 0. 0. 0. 0.
        0. 0. 0. 0. 3.68852466e-02 2.58843834e-03 0.</data></histogram></_>
  <_><id>2</id>
    <height>1.8490731716156006e-02</height>
    <contour2d>
      3.69258434e-01 2.36016400e-02 3.67057174e-01 2.58722529e-02
      3.59515160e-01 3.02555710e-02 3.32891107e-01 4.51273434e-02
      2.79458135e-01 7.34948516e-02 2.77008206e-01 7.42662847e-02
      2.74641991e-01 7.43918493e-02 2.72665679e-01 7.37305209e-02
      2.33272880e-01 1.59643183e-03 2.33451366e-01 -1.47360261e-03
      2.34927177e-01 -2.48630042e-03 2.91162789e-01 -3.38947847e-02
      3.14462632e-01 -4.66858335e-02 3.25969964e-01 -5.27154580e-02
      3.27939987e-01 -5.27388826e-02 3.29188883e-01 -5.16988114e-02
      3.31744790e-01 -4.85040024e-02 3.47030371e-01 -2.08570883e-02
      3.66138190e-01 1.44021958e-02 3.68516028e-01 1.90239456e-02
      3.69406015e-01 2.24656239e-02</contour2d>
    <histogram type_id="opencv-matrix">
      <rows>20</rows>
      <cols>1</cols>
      <dt>f</dt>
      <data>
        8.99139225e-01 5.18649295e-02 0. 0. 0. 0. 0. 0. 0. 0. 0. 0. 0.
        0. 0. 0. 0. 4.72301915e-02 1.54491281e-03 2.20701826e-04</data></histogram></_>
  <_><id>3</id>
    <height>1.8427252769470215e-02</height>
    <contour2d>
      3.68113071e-01 3.16193253e-02 3.58397186e-01 3.59308384e-02
      3.26902300e-01 4.70793061e-02 2.72157818e-01 6.56819940e-02
      2.68661946e-01 6.63950294e-02 2.66730279e-01 6.63251430e-02
      2.64851809e-01 6.52454868e-02 2.64018476e-01 6.34983629e-02
      2.37468064e-01 -1.19233243e-02 2.37274170e-01 -1.28628705e-02
      2.38046050e-01 -1.57497562e-02 3.01151544e-01 -3.85597907e-02
      3.29564124e-01 -4.84396815e-02 3.37640107e-01 -5.09962253e-02
      3.39764655e-01 -5.10469601e-02 3.41044486e-01 -4.88690883e-02
      3.53091508e-01 -1.64202508e-02 3.62752765e-01 1.09393010e-02
      3.66157204e-01 2.12884843e-02 3.68410856e-01 2.93568540e-02</contour2d>
    <histogram type_id="opencv-matrix">
      <rows>20</rows>
      <cols>1</cols>
      <dt>f</dt>
      <data>
        8.98029864e-01 5.71552292e-02 0. 0. 0. 0. 0. 0. 0. 0. 0. 0. 0.
        0. 0. 0. 0. 4.41654027e-02 4.32994158e-04 2.16497079e-04</data></histogram></_>
  <_><id>4</id>
    <height>1.8366158008575439e-02</height>
    <contour2d>
      3.65794837e-01 3.84488441e-02 3.62155110e-01 3.94813903e-02
      3.53402942e-01 4.14333902e-02 3.06323797e-01 5.05588464e-02
      2.78625786e-01 5.55485412e-02 2.64713556e-01 5.78830875e-02
      2.59891838e-01 5.77228554e-02 2.58748412e-01 5.68161160e-02
      2.57979900e-01 5.47377914e-02 2.42437184e-01 -2.43703797e-02
      2.43627250e-01 -2.72124596e-02 2.44879127e-01 -2.81467177e-02
      3.10053736e-01 -4.10471931e-02 3.38974774e-01 -4.65848297e-02
      3.47347558e-01 -4.80522141e-02 3.49530309e-01 -4.81062010e-02
      3.50663453e-01 -4.47387099e-02 3.53114814e-01 -3.34701575e-02
      3.62810433e-01 1.43784080e-02 3.66065711e-01 3.27525884e-02</contour2d>
    <histogram type_id="opencv-matrix">
      <rows>20</rows>
      <cols>1</cols>
      <dt>f</dt>
      <data>
        8.97081077e-01 5.85945919e-02 0. 0. 0. 0. 0. 0. 0. 0. 0. 0. 0.
        0. 0. 0. 0. 4.41081077e-02 2.16216213e-04 0.</data></histogram></_>
  <_><id>5</id>
    <height>1.8450975418090820e-02</height>
    <contour2d>
      3.64915878e-01 3.84613276e-02 3.62357944e-01 4.06557769e-02
      3.49999726e-01 4.24741246e-02 3.24827701e-01 4.59290184e-02
      2.61724591e-01 5.35946265e-02 2.57482529e-01 5.33395335e-02
      2.55435675e-01 5.12988307e-02 2.44519502e-01 -2.96362024e-02
      2.44556099e-01 -3.06858141e-02 2.46045709e-01 -3.33441682e-02
      3.19869429e-01 -4.35422994e-02 3.44976097e-01 -4.68302630e-02
      3.53024393e-01 -4.70917933e-02 3.54389727e-01 -4.14784029e-02</contour2d>
    <histogram type_id="opencv-matrix">
      <rows>20</rows>
      <cols>1</cols>
      <dt>f</dt>
      <data>
        8.98928046e-01 5.79741858e-02 0. 0. 0. 0. 0. 0. 0. 0. 0. 0. 0.
        0. 0. 0. 0. 4.11288552e-02 6.56311517e-04 1.31262303e-03</data></histogram></_>
  <_><id>6</id>
    <height>1.8427193164825439e-02</height>
    <contour2d>
      3.64026219e-01 -3.95004489e-02 3.64259571e-01 -2.57636607e-02
      3.61558467e-01 2.58054007e-02 3.59846622e-01 4.51273583e-02
      3.58127683e-01 4.72691990e-02 2.97398657e-01 4.47583199e-02
      2.55643815e-01 4.19311784e-02 2.51453191e-01 4.07034755e-02
      2.50058562e-01 3.83777693e-02 2.54633784e-01 -4.35638689e-02
      2.56073177e-01 -4.53085266e-02 2.56946176e-01 -4.60886620e-02
      2.59052485e-01 -4.61950414e-02 3.28001440e-01 -4.27471586e-02
      3.51050973e-01 -4.14008945e-02 3.60703915e-01 -4.05799672e-02</contour2d>
    <histogram type_id="opencv-matrix">
      <rows>20</rows>
      <cols>1</cols>
      <dt>f</dt>
      <data>
        8.95374477e-01 6.03524260e-02 0. 0. 0. 0. 0. 0. 0. 0. 0. 0. 0.
        0. 0. 0. 0. 4.33920734e-02 2.20264323e-04 6.60792983e-04</data></histogram></_>
  <_><id>7</id>
    <height>1.8315553665161133e-02</height>
    <contour2d>
      3.79107684e-01 -2.25864518e-02 3.79381508e-01 -2.14462951e-02
      3.61634165e-01 2.58129388e-02 3.51284593e-01 5.15919514e-02
      3.48727465e-01 5.71042895e-02 3.47185612e-01 5.80937229e-02
      3.44073236e-01 5.80295213e-02 3.35677177e-01 5.51301651e-02
      3.15733820e-01 4.74941842e-02 2.52219230e-01 2.22927630e-02
      2.49610662e-01 2.11339612e-02 2.48276442e-01 2.01602951e-02
      2.47230947e-01 1.91057157e-02 2.46718735e-01 1.72957238e-02
      2.47243583e-01 1.52609618e-02 2.75828868e-01 -5.94791472e-02
      2.76540101e-01 -6.04854114e-02 2.78917283e-01 -6.18822388e-02
      2.79976547e-01 -6.19408973e-02 3.68229300e-01 -2.81725638e-02
      3.77882183e-01 -2.37264279e-02</contour2d>
    <histogram type_id="opencv-matrix">
      <rows>20</rows>
      <cols>1</cols>
      <dt>f</dt>
      <data>
        8.99558485e-01 5.56291379e-02 0. 0. 0. 0. 0. 0. 0. 0. 0. 0. 0.
        0. 0. 0. 0. 4.39293571e-02 8.83002183e-04 0.</data></histogram></_>
  <_><id>8</id>
    <height>1.8290638923645020e-02</height>
    <contour2d>
      3.89445066e-01 1.81773654e-03 3.85719568e-01 6.48666825e-03
      3.40649277e-01 5.67652211e-02 3.35719615e-01 6.20742254e-02
      3.30652922e-01 6.61658794e-02 3.29681069e-01 6.61551431e-02
      3.27968985e-01 6.50896281e-02 3.25723886e-01 6.32899702e-02
      3.16492558e-01 5.52608781e-02 2.97764271e-01 3.83668840e-02
      2.54335105e-01 -1.50229537e-03 2.51459807e-01 -4.57849726e-03
      2.50912249e-01 -5.61969075e-03 2.50958681e-01 -7.77556561e-03
      2.51301348e-01 -8.89224745e-03 3.05580527e-01 -6.99096620e-02
      3.07914674e-01 -7.05402121e-02 3.09366405e-01 -7.00965673e-02
      3.30812693e-01 -5.16424775e-02 3.60258967e-01 -2.56539863e-02</contour2d>
    <histogram type_id="opencv-matrix">
      <rows>20</rows>
      <cols>1</cols>
      <dt>f</dt>
      <data>
        8.97504449e-01 5.83778955e-02 0. 0. 0. 0. 0. 0. 0. 0. 0. 0. 0.
