<?xml version="1.0"?>
<opencv_storage>
<obj>
  <_><id>1</id>
    <height>3.6434710025787354e-02</height>
    <contour2d>
      5.17179191e-01 -2.64289249e-02 5.16893625e-01 -2.40576901e-02
      5.11407256e-01 -1.22386497e-02 4.92981553e-01 2.01760232e-02
      4.90171134e-01 2.28402521e-02 4.89093363e-01 2.24584118e-02
      4.43669498e-01 -1.63148285e-03 4.42579776e-01 -2.75621610e-03
      4.42223370e-01 -3.77975381e-03 4.42392856e-01 -4.87828674e-03
      4.66438383e-01 -5.07639721e-02 4.67158049e-01 -5.19044772e-02
      4.68278319e-01 -5.24454005e-02 4.69004542e-01 -5.22834361e-02
      4.75705236e-01 -4.90922295e-02 4.91758615e-01 -4.07143310e-02</contour2d>
    <histogram type_id="opencv-matrix">
      <rows>20</rows>
      <cols>1</cols>
      <dt>f</dt>
      <data>
        8.85284424e-01 9.40291490e-03 3.29102017e-03 2.35072873e-03
        3.76116601e-03 4.23131185e-03 3.94922420e-02 4.23131175e-02 0.
        0. 0. 0. 4.70145751e-04 9.40291502e-04 4.70145751e-04
        9.40291502e-04 1.88058300e-03 4.70145745e-03 0. 4.70145751e-04</data></histogram></_>
  <_><id>2</id>
    <height>3.6437392234802246e-02</height>
    <contour2d>
      5.00564337e-01 4.11460223e-03 4.97940958e-01 6.41844328e-03
      4.93959486e-01 8.70255195e-03 4.54136908e-01 2.60618757e-02
      4.50708270e-01 2.72393469e-02 4.50416386e-01 2.71486808e-02
      4.49313283e-01 2.60251015e-02 4.27425802e-01 -2.15317849e-02
      4.27245677e-01 -2.26869509e-02 4.27469522e-01 -2.34981123e-02
      4.27980900e-01 -2.43746899e-02 4.29959208e-01 -2.54159477e-02
      4.74853098e-01 -4.64555435e-02 4.77867603e-01 -4.64081876e-02
      4.87299979e-01 -2.79523972e-02 5.00792027e-01 2.95780622e-03</contour2d>
    <histogram type_id="opencv-matrix">
      <rows>20</rows>
      <cols>1</cols>
      <dt>f</dt>
      <data>
        9.39932704e-01 9.61076375e-03 5.28592011e-03 1.44161459e-03
        1.44161459e-03 4.80538205e-04 1.87409893e-02 5.28592011e-03 0.
        0. 4.80538205e-04 9.61076410e-04 4.80538205e-04 9.61076410e-04
        9.61076410e-04 9.61076410e-04 4.32484364e-03 7.68861128e-03 0.
        9.61076410e-04</data></histogram></_>
  <_><id>3</id>
    <height>3.6635100841522217e-02</height>
    <contour2d>
      4.94971454e-01 -2.69670691e-02 4.95433122e-01 -1.54846553e-02
      4.94370371e-01 -1.66692946e-03 4.92087990e-01 2.24754363e-02
      4.90246683e-01 2.70080287e-02 4.89358187e-01 2.81555001e-02
      4.81586069e-01 2.79795192e-02 4.37704682e-01 2.32870802e-02
      4.36846733e-01 2.30442155e-02 4.35925841e-01 2.23919582e-02
      4.35470521e-01 2.13279314e-02 4.40037340e-01 -3.12354770e-02
      4.40377027e-01 -3.23206186e-02 4.40890759e-01 -3.29858810e-02
      4.41883951e-01 -3.35104465e-02 4.52864915e-01 -3.25491242e-02
      4.91179407e-01 -2.80384887e-02</contour2d>
    <histogram type_id="opencv-matrix">
      <rows>20</rows>
      <cols>1</cols>
      <dt>f</dt>
      <data>
        9.50024486e-01 7.83929415e-03 4.89955861e-03 4.89955884e-04
        4.89955884e-04 0. 5.87947061e-03 0. 0. 0. 9.30916145e-03
        1.46986765e-03 3.42969131e-03 2.93973531e-03 1.95982354e-03
        2.44977931e-03 9.79911769e-04 7.83929415e-03 0. 0.</data></histogram></_>
  <_><id>4</id>
    <height>3.6544322967529297e-02</height>
    <contour2d>
      5.02498031e-01 -2.83715921e-03 5.02348304e-01 -1.67770020e-03
      4.95877624e-01 9.85778216e-03 4.75151181e-01 4.13370542e-02
      4.72551763e-01 4.34108339e-02 4.71712232e-01 4.38217744e-02
      4.70987588e-01 4.35255989e-02 4.60042804e-01 3.63576002e-02
      4.28307474e-01 1.50039978e-02 4.27221954e-01 1.39246695e-02
      4.26756352e-01 1.29705826e-02 4.27137733e-01 1.13975592e-02
      4.55521703e-01 -3.27349938e-02 4.56631333e-01 -3.35634165e-02
      4.57236171e-01 -3.37058380e-02 4.59297866e-01 -3.27423401e-02
      4.87021387e-01 -1.42222038e-02 4.99704212e-01 -5.14214998e-03</contour2d>
    <histogram type_id="opencv-matrix">
      <rows>20</rows>
      <cols>1</cols>
      <dt>f</dt>
      <data>
        8.10444057e-01 4.11184225e-03 2.87828944e-03 0. 1.23355258e-03
        0. 1.64473685e-03 0. 0. 0. 1.50904611e-01 9.45723709e-03
        5.34539483e-03 2.87828944e-03 4.11184214e-04 8.22368427e-04
        2.46710517e-03 7.40131596e-03 0. 0.</data></histogram></_>
  <_><id>5</id>
    <height>3.6466181278228760e-02</height>
    <contour2d>
      5.00035763e-01 1.45216947e-02 4.81832623e-01 3.02072763e-02
      4.58591878e-01 4.89255488e-02 4.57448840e-01 4.85283323e-02
      4.56347376e-01 4.73834053e-02 4.47433531e-01 3.69666368e-02
      4.23738062e-01 8.30996875e-03 4.23201621e-01 7.23635312e-03
      4.23013926e-01 6.21209620e-03 4.23635066e-01 4.90176305e-03
      4.63646024e-01 -2.96543110e-02 4.65249777e-01 -2.98248716e-02
      4.76974696e-01 -1.63420383e-02 4.88287508e-01 -2.79990025e-03
      4.98068035e-01 9.86738596e-03 4.99294519e-01 1.21850092e-02</contour2d>
    <histogram type_id="opencv-matrix">
      <rows>20</rows>
      <cols>1</cols>
      <dt>f</dt>
      <data>
        7.52667665e-01 4.57317056e-03 2.66768271e-03 3.81097547e-04 0.
        0. 3.81097547e-04 0. 0. 1.14329264e-03 2.08460361e-01
        1.14329262e-02 3.04878037e-03 1.52439019e-03 1.14329264e-03
        1.90548773e-03 3.04878037e-03 7.24085327e-03 3.81097547e-04 0.</data></histogram></_>
  <_><id>6</id>
    <height>3.6476969718933105e-02</height>
    <contour2d>
      4.89176512e-01 3.26513983e-02 4.88111764e-01 3.37801836e-02
      4.80236948e-01 3.69643867e-02 4.58611161e-01 4.39990759e-02
      4.39206064e-01 4.99144495e-02 4.38114911e-01 4.98293824e-02
      4.37109023e-01 4.87137474e-02 4.32435215e-01 3.42803225e-02
      4.21541333e-01 -1.59154832e-03 4.21509147e-01 -2.70468672e-03
      4.21768308e-01 -3.85430269e-03 4.23532248e-01 -4.80175624e-03
      4.71531451e-01 -2.04658341e-02 4.74060357e-01 -1.96746960e-02
      4.75497991e-01 -1.85747296e-02 4.85593677e-01 1.31795090e-02
      4.89455432e-01 2.80972924e-02</contour2d>
    <histogram type_id="opencv-matrix">
      <rows>20</rows>
      <cols>1</cols>
      <dt>f</dt>
      <data>
        7.04230249e-01 3.46740661e-03 1.38696260e-03 1.38696260e-03
        3.46740650e-04 0. 0. 0. 0. 3.46740650e-04 2.53814161e-01
        1.28294043e-02 2.77392520e-03 1.38696260e-03 1.73370331e-03
        1.73370331e-03 1.38696260e-03 9.70873795e-03 3.46740661e-03 0.</data></histogram></_>
  <_><id>7</id>
    <height>3.6304414272308350e-02</height>
    <contour2d>
      4.78356749e-01 -6.17058808e-03 4.78311568e-01 5.15445229e-03
      4.77055401e-01 1.64625533e-02 4.72719908e-01 4.56699878e-02
      4.71230417e-01 4.89679463e-02 4.62490350e-01 4.86198962e-02
      4.46573973e-01 4.67658341e-02 4.19771940e-01 4.33353521e-02
      4.17369127e-01 4.25460674e-02 4.16909009e-01 4.22574580e-02
      4.16502118e-01 4.11356837e-02 4.16474372e-01 4.01721299e-02
      4.18232828e-01 2.62717139e-02 4.23498154e-01 -1.15511985e-02
      4.24100369e-01 -1.28189735e-02 4.25640225e-01 -1.35612264e-02
      4.71618503e-01 -7.25785736e-03</contour2d>
    <histogram type_id="opencv-matrix">
      <rows>20</rows>
      <cols>1</cols>
      <dt>f</dt>
      <data>
        6.91604614e-01 6.09343266e-03 2.03114422e-03 3.04671633e-03
        6.77048054e-04 0. 0. 3.38524027e-04 0. 3.38524027e-04
        2.67095447e-01 1.25253890e-02 1.69262011e-03 1.69262011e-03
        1.35409611e-03 1.69262011e-03 3.04671633e-03 6.77048042e-03 0.
        0.</data></histogram></_>
  <_><id>8</id>
    <height>3.6418437957763672e-02</height>
    <contour2d>
      4.78573799e-01 6.29127678e-03 4.73176628e-01 1.86637044e-02
      4.54802215e-01 5.48019893e-02 4.53975171e-01 5.57657294e-02
      4.52656180e-01 5.55618033e-02 4.50890720e-01 5.48682027e-02
      4.32414889e-01 4.62289080e-02 4.07110363e-01 3.42078991e-02
      4.05043989e-01 3.30834314e-02 4.04182762e-01 3.21764834e-02
      4.03978735e-01 3.11875883e-02 4.04115558e-01 3.01459078e-02
      4.10518646e-01 1.64971724e-02 4.26900029e-01 -1.71213485e-02
